NumCamadas: 3,NumCiclos: 10,NumEntradas: 4,Taxa de Aprendizado: 0.5
Numero de neuronios por camada: [5, 10, 1]
0.8809806095877533,0.4526116258028065,1.0411637747421887,1.0994357273475621,
0.5,0.27785062847663433,1.6055858289783362,0.5,
0.5,0.25695475714662486,1.7721223035325653,0.5,
0.5,0.2567199898945262,1.8189720521246826,0.5,
0.5,0.2678912027011576,1.9649853322909896,0.5,
0.27039958721399815,0.19442670777151613,1.0611331664215131,0.33309013626838296,1.1536748807818247,
0.08524547031437986,0.17721474782910634,0.1304057465654252,0.21559763430928133,0.25339389809649293,
0.1173399970486007,0.20782036383423563,0.1611565306289577,0.24264058851542583,0.2777541369491592,
0.26850285855617045,0.46276631228375154,0.4227488351099291,0.5076745905955382,0.5554000172605926,
0.39835791776573204,0.7103349640932288,0.6756987356426295,0.7706953499989995,0.8360797008703063,
0.36199371310477346,0.7006257506721664,0.6638643277344578,0.7735380200777424,0.8499412439697125,
0.059656184928149544,0.2417432825499044,0.185063791056205,0.2982450445441433,0.3550565030540891,
-0.27178290793540066,-0.32818704472356525,-0.40658262261518247,-0.30925066946068047,-0.2925119328851059,
-0.30306561481746225,-0.42859372590707745,-0.5096766353055892,-0.42438479474807905,-0.4226886579060057,
-0.2185671076260013,-0.2822509857386677,-0.358876370246204,-0.27189816890865875,-0.26227546801524165,
0.5829676568401334,0.26151307152863495,0.2466689446325031,0.8069059796862169,1.0204065098866788,1.4832107949198805,0.08857642153633835,-0.8339939336236587,-0.9647187995791537,-0.4472010056609637,
