NumCamadas: 3,NumCiclos: 100,NumEntradas: 4,Taxa de Aprendizado: 0.5
Numero de neuronios por camada: [22, 19, 1]
-3.770298225537313,1.9893144379564278,-2.5352926996756517,0.38419559103733436,
0.5,-0.03282702509080151,-4.630965539558066,0.5,
0.5,-0.06398026476303528,-2.1143158859846607,0.5,
0.5,-0.13623955224516987,-1.1107376084735798,0.5,
0.5,0.18115271086678175,-0.49412225960879763,0.5,
0.5,0.39339055979824405,2.1167270380096355,0.5,
0.5,0.29785656333357247,2.6630562749255944,0.5,
0.5,0.3309592944327781,2.9064751321995788,0.5,
0.5,0.3584368022318813,3.4918955391372135,0.5,
0.5,0.29352086326821275,2.9158663890161587,0.5,
0.5,0.2756580784996517,2.2408368341702967,0.5,
0.5,0.25716164012442305,1.917239971069497,0.5,
0.5,0.21859246763240717,1.6633030477588715,0.5,
0.5,0.2772609633853228,2.460728341652285,0.5,
0.5,0.3212488820581795,3.341277031007362,0.5,
0.5,0.3044584012428282,3.289279782373217,0.5,
0.5,0.3470787943839621,3.4347678260467367,0.5,
0.5,0.34123853298020473,3.795765793873271,0.5,
0.5,0.31559899068761854,3.9550502973867463,0.5,
0.5,0.08328042165934413,1.7037915694395753,0.5,
0.5,-0.09850316664910506,-1.5838915827249216,0.5,
0.5,-0.014929877390281798,-2.8449607051964687,0.5,
2.5673455618968433,2.818003547323885,0.7036063650800995,1.1850457841082074,0.6189149812015826,-0.6813016315387354,-0.6788456838196317,-0.9120710380998264,-1.237516579673615,-0.7050052050396135,-0.440159652022625,-0.2587450933673284,-0.3180678673602362,-0.8808395904816582,-1.2093815267651316,-1.0474481767871724,-1.1847840222366826,-1.5173735947786953,-1.6240014872594473,-0.24980419180341,1.3248236032865335,1.9028702855265496,
1.901676616424029,2.050641322320894,1.6640120918508283,0.8866113445788227,0.5594917131462147,-0.2783237631047553,-0.16215981406752275,-0.4566056375845208,-0.5736994187802343,-0.15841664122815963,-0.055301935132335896,0.09148021214057205,0.13430143980898773,-0.34806000984154667,-0.5473768538788754,-0.42618957360326526,-0.5896228609498791,-0.6983149031890981,-0.7105765374488365,0.08834409111027561,1.0247207100700018,1.3656162173522972,
-0.19879482500862225,-0.546485313155461,-0.39877854098866417,0.16857523554300027,0.21934431273475874,0.6969502327821893,0.7715553063035273,0.8282742693848122,0.9242041100381884,0.8027293225543419,0.694010715994434,0.6528246996640771,0.6000225840017702,0.7496805010657785,0.9067348590744275,0.8752994456688952,0.9137347257907585,0.9804904126509096,0.9862705035276241,0.6769828432116092,0.07947056582370693,-0.15337456652021922,
0.3696121945045083,0.39367871660962983,0.3961831069496511,0.37567607486424187,0.25201858813157096,0.25533799236643495,0.23280631665368137,0.2561296101758391,0.24308944408538236,0.2282781043957072,0.23679149801774993,0.22798557715635132,0.2335081404899512,0.2613489034607762,0.24714873563845233,0.24077478303338853,0.24823352224302714,0.25357701433139146,0.2464470092201138,0.36714454933382284,0.38808629018702023,0.3887107312863257,
0.3188247447521531,0.35573307258590675,0.3622562054632979,0.32869259929133343,0.08611838962059862,0.08108746750359407,0.043382580647416735,0.07662171543310156,0.05276247440714533,0.03517832206060317,0.05213959420006294,0.043826264377148844,0.05554235008448293,0.09025432662247033,0.062083909989173375,0.0508927351256501,0.06007319104540744,0.07403625272968983,0.05850989365557366,0.3088724813226084,0.34509500179583125,0.3475350708403809,
0.3552456723389805,0.3852032932789219,0.3903568955006759,0.3621167279659761,0.1542652740340074,0.145090924498834,0.11246133752820962,0.14000764730631918,0.1194173367951887,0.10525574083395808,0.12049319167895581,0.11524984306090859,0.12645989659668203,0.15318204946751493,0.1281038575692933,0.11800922321037904,0.1254283945051315,0.13921890149566157,0.12547246311570914,0.34230780027230184,0.37553707025987443,0.37814922272688173,
0.4069209749021432,0.4259154633741194,0.4287950479262121,0.41128779725161657,0.29618126128575567,0.2934900270801341,0.2746059830274325,0.2918528066755183,0.2804925382151117,0.27058596933915774,0.278658616026586,0.2739787650174671,0.2799304296970154,0.29838637139877183,0.28493336197342584,0.2792200470595329,0.2842246784781949,0.291021205412604,0.2839627277322107,0.4005850287537505,0.4201381679577141,0.421433971908444,
0.35962004797340175,0.38828508378762827,0.39272664248181594,0.3667809900689673,0.19107204084827728,0.1884954919470858,0.16044092172686544,0.18597742035914344,0.16864373240474942,0.1544081457853991,0.16652845440121689,0.15912897766350087,0.1675131366053881,0.1953364254955344,0.17509646816349236,0.16693249947597344,0.17426038583899045,0.18370953372844243,0.1729341041782356,0.35192867174178927,0.37982356564812186,0.38166788396480167,
0.29078239168789716,0.33457646111105555,0.3414404143934223,0.30081132947176553,0.002491153727173645,-0.009230813681964337,-0.05532643635407078,-0.0165101012363821,-0.046266710603243257,-0.06566003599183709,-0.04400286071819311,-0.05295345675096763,-0.03805411843381975,9.750751110843037E-4,-0.034681459741366175,-0.04802400744920949,-0.037576140647740466,-0.019943614554638046,-0.03930084393139612,0.2728951249142057,0.32013914831656937,0.3240535242664481,
0.3607596243296492,0.39032414123466497,0.39480113633832287,0.36670971422654314,0.15831934641055914,0.1467150174963899,0.11436508571154354,0.1407523150244395,0.1198470919418242,0.10702759454357126,0.12262956679830736,0.1175103674529665,0.12861113382668155,0.15383102535166518,0.12831602052411215,0.11878326882914096,0.12574397536757273,0.13908815334922378,0.12530996036036582,0.34510967192417,0.3798092172845922,0.3829213829470075,
0.4009319682006259,0.421129253941374,0.4240956696953341,0.4055551590140731,0.28673988010812745,0.28437779056366314,0.26473729451403216,0.28294934279409983,0.2712716983015989,0.26058429093801705,0.2688029773926698,0.2634990323508329,0.2695635077002928,0.28946555365863974,0.2757241737351691,0.26984529808174584,0.2752070589099372,0.28194148560629273,0.27484520969809556,0.3943821543708324,0.41503184321429526,0.41634662536374867,
0.29733783859005797,0.34067263848381263,0.3458624028843296,0.3068665611242778,0.03758206055043701,0.03190919111626896,-0.00968525995664792,0.026421498703314353,-7.142965193209349E-4,-0.019056638427745836,-5.34861354375691E-5,-0.011476177237385622,2.1051813428183053E-4,0.039922000990270275,0.00840003897022575,-0.002418755537173203,0.00761737190170879,0.019786091704979657,0.003215269047091124,0.28324792274805544,0.3258085808923209,0.3296627521303099,
0.2412809940041885,0.29913976240396956,0.30457631808598196,0.25166681862209694,-0.11740959924231656,-0.1308795645317928,-0.18567318537545616,-0.14062557057472705,-0.17775064995818474,-0.19850836030735178,-0.1722682102153878,-0.18780784290610592,-0.17324659363282144,-0.12323339959748873,-0.16648099256246468,-0.17898619271021957,-0.16686477259010576,-0.15373080242931852,-0.17595401163921975,0.2142699761423962,0.2762773564645955,0.2830319134033417,
0.28466759869037506,0.3329644971208138,0.33761556102198087,0.2922444506161057,-0.03003749222655875,-0.047472538530501436,-0.09524374641437852,-0.057169408862138595,-0.08960137235637974,-0.10655429124432234,-0.08310861191844252,-0.09525428953540377,-0.08177697839118568,-0.04116632449129022,-0.07949513992634198,-0.09044926475415496,-0.08036934126575908,-0.06749093534038846,-0.08719355802110419,0.2556484503539917,0.31303418467197275,0.31928650102858447,
0.2829087883026172,0.33010474318666366,0.3357282249229653,0.2918480447560717,-0.031021578312090008,-0.0464738700330294,-0.09513916982073452,-0.0558097130447381,-0.08866293408689171,-0.10651974262946916,-0.08269684783080256,-0.09355921836073862,-0.07894495435023176,-0.03855075620639945,-0.0774852755843964,-0.08975121715462839,-0.07936375330530182,-0.06318836001386019,-0.08391022909749027,0.2588242342197628,0.31227758238278147,0.3176598943447135,
0.3059202834001091,0.3477073086395142,0.35323707493303624,0.31404133328892947,0.02304784786359407,0.007239272779816767,-0.037326782886394634,-0.001351887030887035,-0.03081914369713205,-0.04760814100351295,-0.02584642045893366,-0.03405527274329346,-0.01958325036665369,0.015759975714331218,-0.019785004478240244,-0.03199528317665347,-0.02254309900694247,-0.005877077185693954,-0.02488722451506495,0.2838503916332108,0.3323079878004005,0.3369497681803627,
0.3190400583172809,0.3570026357217832,0.36309153936965377,0.32718452786881336,0.05359936245751121,0.03816788441521068,-0.0045109305223673835,0.03017093339133216,0.002566791584299847,-0.014164162354603212,0.006576438617306702,7.864300033683697E-4,0.01584335781334596,0.04805254088630595,0.014191233051424723,0.0011939159054265725,0.010254653549343927,0.028941701228721018,0.010396547509483678,0.2998267763623468,0.3440045954169887,0.3478364966243779,
0.2211140103740999,0.28444734371367575,0.2889658602031706,0.23316356322842108,-0.1260249757076717,-0.13064976875150122,-0.18446443417724134,-0.13756621646078196,-0.17284235671663029,-0.19669004237136692,-0.17267223882577962,-0.19140474004587055,-0.1782925294230247,-0.12214695186105091,-0.162631042028861,-0.17480907077234514,-0.16166567329643566,-0.15381781498977412,-0.17316496704526166,0.20049774648695848,0.2598097054860398,0.26642984854900126,
0.2232161192487729,0.2900024802008714,0.2921535335321217,0.23126217756403028,-0.13415773226083244,-0.14616163775345564,-0.19891839943098172,-0.15449477775293707,-0.1894232985201432,-0.21129154820647814,-0.18756137254910116,-0.20954485674780104,-0.1985331752897082,-0.14158342967847148,-0.1815737879218484,-0.19081651630555063,-0.17827937858299814,-0.17780432170522456,-0.19489773004913089,0.1866659083570854,0.2593039050015542,0.26847565209486846,
-3.8717763992327052,2.2173938390040115,0.13947277242698655,0.2843319090058069,0.06295144428406087,0.06400377839597467,0.007461712962121174,0.1357847427932273,0.009575270548150137,0.00384443129543414,0.06667461793779443,0.054114110861662505,-0.09634150751350647,-0.014349610648225505,-0.0029185412089995943,0.004426500939005297,0.07084530774996213,-0.0851876035658517,-0.180965725272767,
