Casa1, 0.0, 0.2608695652173913, 0.2666670689758762, 0.0, 0.5122529887032947
Casa1, 0.0, 0.2608695652173913, 0.06666991915142077, 0.0, 0.317035680355707
Casa1, 0.0, 0.2608695652173913, 0.06666682033846764, 0.0, 0.12053245229716861
Casa1, 0.0, 0.2608695652173913, 0.26666712954127086, 0.0, 0.6518340921792752
Casa1, 0.0, 0.2608695652173913, 0.06666993860817853, 0.0, 0.22761323188467344
Casa1, 0.0, 0.2608695652173913, 0.20001351280806717, 0.0, 0.14703641418722205
Casa1, 0.0, 0.2608695652173913, 0.33333384172012104, 0.0, 0.6982075928472405
Casa1, 0.0, 0.2608695652173913, 0.0667295264255029, 0.0, 0.6136422468272836
Casa1, 0.0, 0.2608695652173913, 0.5333331577202962, 0.0, 0.3221745475464962
Casa1, 0.0, 0.2608695652173913, 0.13333392529437899, 0.0, 0.6891653320226188
Casa1, 0.0, 0.2608695652173913, 0.06668815432413146, 0.0, 0.3523654058999989
Casa1, 0.0, 0.2608695652173913, 0.4666667947253922, 0.0, 0.16525430952381914
Casa1, 0.0, 0.2608695652173913, 0.06666680961230631, 0.0, 0.1209850416049593
Casa1, 0.0, 0.2608695652173913, 0.06668996704539641, 0.0, 0.388665354464299
Casa1, 0.0, 0.2608695652173913, 0.1334008606319934, 0.0, 0.6376716637497563
Casa1, 0.0, 0.2608695652173913, 0.1333886090109645, 0.0, 0.6215716768163334
Casa1, 0.0, 0.2608695652173913, 1.3425162856807906E-7, 0.0, 0.0027500991913559894
Casa1, 0.0, 0.2608695652173913, 0.0666953148101014, 0.0, 0.5253356228673396
Casa1, 0.0, 0.2608695652173913, 0.0666666833958198, 0.0, 0.23058231027556914
Casa1, 0.0, 0.2608695652173913, 7.486860609145902E-7, 0.0, 0.03238694251053308
Casa1, 0.0, 0.2608695652173913, 0.0667083185595407, 0.0, 0.4947310058990322
Casa1, 0.0, 0.2608695652173913, 0.5333341701302364, 0.0, 0.5832901327812662
Casa1, 0.0, 0.2608695652173913, 0.06670494834976132, 0.0, 0.351769664472005
Casa1, 0.0, 0.2608695652173913, 3.29272698326233E-5, 0.0, 0.2181564830770299
Casa1, 0.0, 0.2608695652173913, 0.13335489484000315, 0.0, 0.3568020330170187
Casa1, 0.0, 0.2608695652173913, 0.06666681874201573, 0.0, 0.0028906985227996644
Casa1, 0.0, 0.2608695652173913, 0.20002147112088364, 0.0, 0.6468785848924133
Casa1, 0.0, 0.2608695652173913, 0.20005400661143752, 0.0, 0.580553695636363
Casa1, 0.0, 0.2608695652173913, 0.06670736537796677, 0.0, 0.6181686842098302
Casa1, 0.0, 0.2608695652173913, 0.0666666834646668, 0.0, 0.2070393329664212
Casa1, 0.0, 0.2608695652173913, 0.3334226700011274, 0.0, 0.14173806573704298
Casa1, 0.0, 0.2608695652173913, 0.06671156808753281, 0.0, 0.5321348042723516
Casa1, 0.0, 0.2608695652173913, 0.13333325641943952, 0.0, 0.5996106175241731
Casa1, 0.0, 0.2608695652173913, 0.2000744641948869, 0.0, 0.7186214662014633
Casa1, 0.0, 0.2608695652173913, 0.2000896864138242, 0.0, 0.2896253913672827
Casa1, 0.0, 0.2608695652173913, 0.6666879495492394, 0.0, 0.6959291336260597
Casa1, 0.0, 0.2608695652173913, 0.266688159352955, 0.0, 0.7813495822347588
Casa1, 0.0, 0.2608695652173913, 0.0666671801388189, 0.0, 0.1818225154727575
Casa1, 0.0, 0.2608695652173913, 0.06671707589654267, 0.0, 0.7733333356556998
Casa1, 0.0, 0.2608695652173913, 0.13336586421080635, 0.0, 0.5570242225253225
Casa1, 0.0, 0.2608695652173913, 0.40000012345562247, 0.0, 0.7167118169179527
Casa1, 0.0, 0.2608695652173913, 6.627854731712325E-5, 0.0, 0.4208745815100171
Casa1, 0.0, 0.2608695652173913, 0.1999998947374438, 0.0, 0.9223228509658082
Casa1, 0.0, 0.2608695652173913, 0.4000001224079509, 0.0, 0.2806542167285869
Casa1, 0.0, 0.2608695652173913, 0.13338278261001854, 0.0, 0.5730354878024977
Casa1, 0.0, 0.2608695652173913, 0.13340606835793162, 0.0, 0.7961024151852808
Casa1, 0.0, 0.2608695652173913, 0.06666771180719706, 0.0, 0.16876764084532994
Casa1, 0.0, 0.2608695652173913, 0.2666698254995601, 0.0, 0.6526285238513695
Casa1, 0.0, 0.2608695652173913, 0.2000215313869436, 0.0, 0.8334430742204118
Casa1, 0.0, 0.2608695652173913, 5.082070205437785E-5, 0.0, 0.3429557394436769
Casa1, 0.0, 0.2608695652173913, 0.5333870542463962, 0.0, 0.6469131645661642
Casa1, 0.0, 0.2608695652173913, 1.0, 0.0, 0.8010273570451086
Casa1, 0.0, 0.2608695652173913, 0.20005857785195125, 0.0, 0.7240454619346375
Casa1, 0.0, 0.2608695652173913, 1.355487457523117E-7, 0.0, 0.002751187800635101
Casa1, 0.0, 0.2608695652173913, 0.0666875196846045, 0.0, 0.3457278829729349
Casa1, 0.0, 0.2608695652173913, 0.20007774684925633, 0.0, 0.8722040962124638
Casa1, 0.0, 0.2608695652173913, 0.13333390304383036, 0.0, 0.6940090990100264
Casa1, 0.0, 0.2608695652173913, 0.1333339046901714, 0.0, 0.5949521862665342
Casa1, 0.0, 0.2608695652173913, 0.1333991648009424, 0.0, 0.6809218382565452
Casa1, 0.0, 0.2608695652173913, 0.06670431321134315, 0.0, 0.6886585844031923
Casa1, 0.0, 0.2608695652173913, 0.19999998704279712, 0.0, 0.5664809032948861
Casa1, 0.0, 0.2608695652173913, 0.06670438250733426, 0.0, 0.26061853440249716
Casa1, 0.0, 0.2608695652173913, 0.06670280626050981, 0.0, 0.5800191884803192
Casa1, 0.0, 0.2608695652173913, 0.40002273031235697, 0.0, 0.7793946087039124
Casa1, 0.0, 0.2608695652173913, 0.06666949080341524, 0.0, 0.15155939523530743
Casa1, 0.0, 0.2608695652173913, 0.13333384447400057, 0.0, 0.36782524158988644
Casa1, 0.0, 0.2608695652173913, 0.06666993691194838, 0.0, 0.22752532668538517
Casa1, 0.0, 0.2608695652173913, 0.6000006241328778, 0.0, 0.7420066985830216
Casa1, 0.0, 0.2608695652173913, 0.06666681889168309, 0.0, 0.12053218014484883
Casa1, 0.0, 0.2608695652173913, 0.20000596433439177, 0.0, 0.759756745031258
Casa1, 0.0, 0.2608695652173913, 0.1333366890519856, 0.0, 0.14637576443096112
Casa1, 0.0, 0.2608695652173913, 0.13335482145310398, 0.0, 0.3298374533257411
Casa1, 0.0, 0.2608695652173913, 1.3534918926242976E-7, 0.0, 0.0027517321052746573
Casa1, 0.0, 0.2608695652173913, 0.06672600674791261, 0.0, 0.6082998967900428
Casa1, 0.0, 0.2608695652173913, 0.5333333793377562, 0.0, 0.45090765683460526
Casa1, 0.0, 0.2608695652173913, 0.4000902039536029, 0.0, 0.6626328839492541
Casa1, 0.0, 0.2608695652173913, 0.06666770377504835, 0.0, 0.2643298456505536
Casa1, 0.0, 0.2608695652173913, 0.13333392339859232, 0.0, 0.28974027774755373
Casa1, 0.0, 0.2608695652173913, 0.06666681784401152, 0.0, 0.12036752799138319
Casa1, 0.0, 0.2608695652173913, 0.06670427494638621, 0.0, 0.6016479497900307
Casa1, 0.0, 0.2608695652173913, 4.797792007776459E-5, 0.0, 0.3269749552263168
Casa1, 0.0, 0.2608695652173913, 0.13333600716745966, 0.0, 0.5667591110037791
Casa1, 0.0, 0.2608695652173913, 0.06666681864223747, 0.0, 0.12036099633570851
Casa1, 0.0, 0.2608695652173913, 0.13333329897186763, 0.0, 0.3823447338629541
Casa1, 0.0, 0.2608695652173913, 0.2666880723463254, 0.0, 0.9246285254189668
Casa1, 0.0, 0.2608695652173913, 0.2666666470296429, 0.0, 0.627518477155801
Casa1, 0.0, 0.2608695652173913, 6.494810419908033E-5, 0.0, 0.4155893834599297
Casa1, 0.0, 0.2608695652173913, 0.33333320635271174, 0.0, 0.8922783234716037
Casa1, 0.0, 0.2608695652173913, 0.13333383260038942, 0.0, 0.22144489411386023
Casa1, 0.0, 0.2608695652173913, 0.0667268430891617, 0.0, 0.6086104225869094
Casa1, 0.0, 0.2608695652173913, 0.06666949384665172, 0.0, 0.21804490062592094
Casa1, 0.0, 0.2608695652173913, 0.4666668373805919, 0.0, 0.9216363331315525
Casa1, 0.0, 0.2608695652173913, 0.4666667656400338, 0.0, 0.666700937901122
Casa1, 0.0, 0.2608695652173913, 3.3163794162255873E-6, 0.0, 0.024452341627407517
Casa1, 0.0, 0.2608695652173913, 0.2000059193344033, 0.0, 0.5415567175830636
Casa1, 0.0, 0.2608695652173913, 0.20007001618050566, 0.0, 0.6827828158191868
Casa1, 0.0, 0.2608695652173913, 0.06673225436271958, 0.0, 0.6662933789161617
Casa1, 0.0, 0.2608695652173913, 0.2666665384918658, 0.0, 0.7461926734135259
Casa1, 0.0, 0.2608695652173913, 0.40000015074497247, 0.0, 0.4463815133765641
Casa1, 0.0, 0.2608695652173913, 0.06671849798597869, 0.0, 0.5550761562203521
Casa1, 0.0, 0.2608695652173913, 0.06666668540086364, 0.0, 0.279438925987665
Casa1, 0.0, 0.2608695652173913, 0.06670118825648985, 0.0, 0.5683503856175206
Casa1, 0.0, 0.2608695652173913, 6.400988936190036E-5, 0.0, 0.4105632744182709
Casa1, 0.0, 0.2608695652173913, 1.388913169578343E-7, 0.0, 2.7650675689437756E-6
Casa1, 0.0, 0.2608695652173913, 0.6666881065004187, 0.0, 0.8047693779609288
Casa1, 0.0, 0.2608695652173913, 0.20006834140266433, 0.0, 0.7545224285788762
Casa1, 0.0, 0.2608695652173913, 0.20000054018944027, 0.0, 0.694700638054582
Casa1, 0.0, 0.2608695652173913, 0.13333352842640972, 0.0, 0.6657572388461992
Casa1, 0.0, 0.2608695652173913, 4.098516133756639E-5, 0.0, 0.29708038366031003
Casa1, 0.0, 0.2608695652173913, 0.13335499362046563, 0.0, 0.3538600664402193
Casa1, 0.0, 0.2608695652173913, 0.13333361368692004, 0.0, 0.006731959782026893
Casa1, 0.0, 0.2608695652173913, 0.06669969502516518, 0.0, 0.2228413131096872
Casa1, 0.0, 0.2608695652173913, 0.0667332767903955, 0.0, 0.6441426294571161
Casa1, 0.0, 0.2608695652173913, 0.46666676928193973, 0.0, 0.7168757941336652
Casa1, 0.0, 0.2608695652173913, 0.1333338190305481, 0.0, 0.5669727505748048
Casa1, 0.0, 0.2608695652173913, 0.06669958561831961, 0.0, 0.003857748246759376
Casa1, 0.0, 0.2608695652173913, 0.06671667838001483, 0.0, 0.5592373651897566
Casa1, 0.0, 0.2608695652173913, 0.06673876943311213, 0.0, 0.6483985474338034
Casa1, 0.0, 0.2608695652173913, 0.06666815327604181, 0.0, 0.18242614931802495
Casa1, 0.0, 0.2608695652173913, 0.13333338819806428, 0.0, 0.46081102937119
Casa1, 0.0, 0.2608695652173913, 0.1333336584374629, 0.0, 0.17636014626249463
Casa1, 0.0, 0.2608695652173913, 0.3333364491252178, 0.0, 0.6236379252661675
Casa1, 0.0, 0.2608695652173913, 0.13333392848728282, 0.0, 0.2899883581946473
Casa1, 0.0, 0.2608695652173913, 0.06673176370320008, 0.0, 0.6366110861595816
Casa1, 0.0, 0.2608695652173913, 0.06670358717494383, 0.0, 0.5996054466300973
Casa1, 0.0, 0.2608695652173913, 0.06671028424085515, 0.0, 0.6397372998568708
Casa1, 0.0, 0.2608695652173913, 2.036738391594351E-5, 0.0, 0.12171413766964438
Casa1, 0.0, 0.2608695652173913, 0.40007087057163926, 0.0, 0.02340309918135167
Casa1, 0.0, 0.2608695652173913, 0.46666682715332175, 0.0, 0.9287559303487317
Casa1, 0.0, 0.2608695652173913, 3.2811477179369296E-5, 0.0, 0.21752100741034844
Casa1, 0.0, 0.2608695652173913, 0.06666771001118865, 0.0, 0.16866912170557033
Casa1, 0.0, 0.2608695652173913, 0.06671232440662946, 0.0, 0.5375000151044538
Casa1, 0.0, 0.2608695652173913, 4.0990250028058376E-5, 0.0, 0.24986712707291484
Casa1, 0.0, 0.2608695652173913, 0.20006951499438133, 0.0, 0.709388698752997
Casa1, 0.0, 0.2608695652173913, 5.346916589896857E-8, 0.0, 0.3580177374294667
Casa1, 0.0, 0.2608695652173913, 0.1333338380881929, 0.0, 0.5383697812601856
Casa1, 0.0, 0.2608695652173913, 0.13333380446292437, 0.0, 0.5459432686732443
Casa1, 0.0, 0.2608695652173913, 1.5934585717073374E-7, 0.0, 0.0013123184859691818
Casa1, 0.0, 0.2608695652173913, 0.4000001956451827, 0.0, 0.6900166244788841
Casa1, 0.0, 0.2608695652173913, 0.13335483826573827, 0.0, 0.8701553335491755
Casa1, 0.0, 0.2608695652173913, 0.1333339719905976, 0.0, 0.6606048511281634
Casa1, 0.0, 0.2608695652173913, 6.57556594245101E-5, 0.0, 0.39044169265548956
Casa1, 0.0, 0.2608695652173913, 0.46666682555686984, 0.0, 0.9179996161128238
Casa1, 0.0, 0.2608695652173913, 0.06672587000182792, 0.0, 0.632382655567192
Casa1, 0.0, 0.2608695652173913, 0.13337282374339096, 0.0, 0.3954266441018284
Casa1, 0.0, 0.2608695652173913, 0.06670416538987327, 0.0, 0.4717640716329726
Casa1, 0.0, 0.2608695652173913, 0.20000322347589236, 0.0, 0.5976122030400437
Casa1, 0.0, 0.2608695652173913, 0.06666681639722696, 0.0, 0.1209518390219464
Casa1, 0.0, 0.2608695652173913, 0.46668950944240944, 0.0, 0.7970141254565369
Casa1, 0.0, 0.2608695652173913, 0.6000001040886651, 0.0, 0.908157379873354
Casa1, 0.0, 0.2608695652173913, 0.46668812337291987, 0.0, 0.4956252004469873
Casa1, 0.0, 0.2608695652173913, 0.06672105205960357, 0.0, 0.5639347142291237
Casa1, 0.0, 0.2608695652173913, 5.429767455583594E-5, 0.0, 0.34144121178411274
Casa1, 0.0, 0.2608695652173913, 0.40000586813818584, 0.0, 0.6528147903420719
Casa1, 0.0, 0.2608695652173913, 0.40000011701992566, 0.0, 0.31459092245952586
Casa1, 0.0, 0.2608695652173913, 0.5333334024364198, 0.0, 0.17402154137864287
Casa1, 0.0, 0.2608695652173913, 0.06666815871395616, 0.0, 0.18269966239940175
Casa1, 0.0, 0.2608695652173913, 0.13333338878126813, 0.0, 0.34475303336349034
Casa1, 0.0, 0.2608695652173913, 0.066666680184457, 0.0, 0.6142701022290113
Casa1, 0.0, 0.2608695652173913, 0.26666718252351895, 0.0, 0.1940935914192246
Casa1, 0.0, 0.2608695652173913, 0.33333345941977555, 0.0, 0.4528023159683426
Casa1, 0.0, 0.2608695652173913, 0.13333384163032058, 0.0, 0.23086050165532296
Casa1, 0.0, 0.2608695652173913, 0.46666676713670746, 0.0, 0.6502249616518331
Casa1, 0.0, 0.2608695652173913, 0.26666675364818543, 0.0, 0.3141499921571145
Casa1, 0.0, 0.2608695652173913, 0.2000700783922414, 0.0, 0.6540933347251566
Casa1, 0.0, 0.2608695652173913, 0.26666681813336846, 0.0, 0.4861171128257409
Casa1, 0.0, 0.2608695652173913, 0.3334230187759826, 0.0, 0.9264542919144755
Casa1, 0.0, 0.2608695652173913, 0.0667280315478372, 0.0, 0.6123908904609447
Casa1, 0.0, 0.2608695652173913, 0.06671839361793448, 0.0, 0.5810805825274531
Casa1, 0.0, 0.2608695652173913, 0.4000001773857639, 0.0, 0.4774131373346031
Casa1, 0.0, 0.2608695652173913, 0.20000051858745024, 0.0, 0.6246180301369069
Casa1, 0.0, 0.2608695652173913, 0.0667073104001538, 0.0, 0.6206790172074618
Casa1, 0.0, 0.2608695652173913, 0.13339897068236686, 0.0, 0.2897392408472154
Casa1, 0.0, 0.2608695652173913, 0.3333334852124518, 0.0, 0.5197258995050562
Casa1, 0.0, 0.2608695652173913, 0.3333334845638932, 0.0, 0.5093104778218557
Casa1, 0.0, 0.2608695652173913, 0.40000007825607753, 0.0, 0.29296744362634125
Casa1, 0.0, 0.2608695652173913, 0.26668817282301804, 0.0, 0.7510836098409974
Casa1, 0.0, 0.2608695652173913, 0.06666903441772289, 0.0, 0.29810449283963436
Casa1, 0.0, 0.2608695652173913, 0.40000018711414276, 0.0, 0.6898391811663889
Casa1, 0.0, 0.2608695652173913, 4.7443058795758506E-6, 0.0, 0.08445294711188855
Casa1, 0.0, 0.2608695652173913, 0.2667324832939248, 0.0, 0.7012380089279677
Casa1, 0.0, 0.2608695652173913, 0.40000015014630297, 0.0, 0.48248115783350776
Casa1, 0.0, 0.2608695652173913, 0.20000323764440314, 0.0, 0.6708924918541818
Casa1, 0.0, 0.2608695652173913, 0.06666681539944452, 0.0, 0.1209197250482126
Casa1, 0.0, 0.2608695652173913, 0.06666939771031272, 0.0, 0.019303287775289012
Casa1, 0.0, 0.2608695652173913, 0.33333347653174455, 0.0, 0.3129209223442421
Casa1, 0.0, 0.2608695652173913, 0.06674009428864845, 0.0, 0.6720227295521267
Casa1, 0.0, 0.2608695652173913, 0.2666667669970179, 0.0, 0.8661446846861186
Casa1, 0.0, 0.2608695652173913, 0.06673241440702447, 0.0, 0.595723465940785
Casa1, 0.0, 0.2608695652173913, 0.06666681959013081, 0.0, 0.11785479461029111
Casa1, 0.0, 0.2608695652173913, 0.06673773049213667, 0.0, 0.6538320684981698
Casa1, 0.0, 0.2608695652173913, 1.4185323415890708E-5, 0.0, 0.11692697836475058
Casa1, 0.0, 0.2608695652173913, 0.13333384547178304, 0.0, 0.01340737991961992
Casa1, 0.0, 0.2608695652173913, 0.2666671996853771, 0.0, 0.6935575983115148
Casa1, 0.0, 0.2608695652173913, 0.20006122262400078, 0.0, 0.6601781162907516
Casa1, 0.0, 0.2608695652173913, 0.2667374880709128, 0.0, 0.6899007828439707
Casa1, 0.0, 0.2608695652173913, 0.1333879581075836, 0.0, 0.5831873136348541
Casa1, 0.0, 0.2608695652173913, 0.06666860093113773, 0.0, 0.05415000826853178
Casa1, 0.0, 0.2608695652173913, 0.13335492641981767, 0.0, 0.9081970569600545
Casa1, 0.0, 0.2608695652173913, 0.46666674179303325, 0.0, 0.6258496391309227
Casa1, 0.0, 0.2608695652173913, 0.3334041571455611, 0.0, 0.6969739263816871
Casa1, 0.0, 0.2608695652173913, 0.06666815746672809, 0.0, 0.18235729478112112
Casa1, 0.0, 0.2608695652173913, 3.472816737556292E-5, 0.0, 0.22913674057079028
Casa1, 0.0, 0.2608695652173913, 0.20006134824481114, 0.0, 0.6823808468428747
Casa1, 0.0, 0.2608695652173913, 0.06670174447031627, 0.0, 0.2983464362519169
Casa1, 0.0, 0.2608695652173913, 0.5333504431138713, 0.0, 0.7261714886415106
Casa1, 0.0, 0.2608695652173913, 0.13338668962675568, 0.0, 0.5176164985833982
Casa1, 0.0, 0.2608695652173913, 0.3333337670361047, 0.0, 0.6869331386958002
Casa1, 0.0, 0.2608695652173913, 0.20000025572166397, 0.0, 0.007149035933609769
Casa1, 0.0, 0.2608695652173913, 0.06671152837579132, 0.0, 0.26121854317886517
Casa1, 0.0, 0.2608695652173913, 3.308691502452885E-5, 0.0, 0.21932347222423768
Casa1, 0.0, 0.2608695652173913, 0.06666860307637, 0.0, 0.1958138662325409
Casa1, 0.0, 0.2608695652173913, 3.280274658293696E-5, 0.0, 0.2179246093005791
Casa1, 0.0, 0.2608695652173913, 0.3333335118532432, 0.0, 0.6565481486495536
Casa1, 0.0, 0.2608695652173913, 0.4000223292038123, 0.0, 0.9272783038222062
Casa1, 0.0, 0.2608695652173913, 0.20000050985685383, 0.0, 0.6697314791719162
Casa1, 0.0, 0.2608695652173913, 0.13335454466825253, 0.0, 0.4201416753128552
Casa1, 0.0, 0.2608695652173913, 0.4000002065709005, 0.0, 0.6769148443991428
Casa1, 0.0, 0.2608695652173913, 2.9109704292059204E-5, 0.0, 1.9978973947217668E-4
Casa1, 0.0, 0.2608695652173913, 0.13336752332346322, 0.0, 0.7006425396522936
Casa1, 0.0, 0.2608695652173913, 0.3333341832111643, 0.0, 0.7537422631313848
Casa1, 0.0, 0.2608695652173913, 1.4197346694406095E-5, 0.0, 0.11823140443344621
Casa1, 0.0, 0.2608695652173913, 0.1333548785262601, 0.0, 0.3739102762571388
Casa1, 0.0, 0.2608695652173913, 0.39999984369089375, 0.0, 0.5394354372126473
Casa1, 0.0, 0.2608695652173913, 0.13334639607832294, 0.0, 0.49721521227396515
Casa1, 0.0, 0.2608695652173913, 0.06671223330909183, 0.0, 0.7338059327311531
Casa1, 0.0, 0.2608695652173913, 0.5333924972494359, 0.0, 0.8825230235691638
Casa1, 0.0, 0.2608695652173913, 0.20000057077147235, 0.0, 0.6890523888099109
Casa1, 0.0, 0.2608695652173913, 0.13338849750877577, 0.0, 0.5893311522538409
Casa1, 0.0, 0.2608695652173913, 0.26666685130963486, 0.0, 0.7650808608630736
Casa1, 0.0, 0.2608695652173913, 7.983511812251842E-5, 0.0, 4.7786137220527734E-4
Casa1, 0.0, 0.2608695652173913, 0.20004803827593812, 0.0, 0.23780446537293365
Casa1, 0.0, 0.2608695652173913, 0.46666683733070274, 0.0, 0.5192222925233999
Casa1, 0.0, 0.2608695652173913, 0.1333339011480437, 0.0, 0.689769238020206
Casa1, 0.0, 0.2608695652173913, 0.33335473179237307, 0.0, 0.7879337633071463
Casa1, 0.0, 0.2608695652173913, 0.06671022202911943, 0.0, 0.37780055759220443
Casa1, 0.0, 0.2608695652173913, 0.06666815871395616, 0.0, 0.18312530862753443
Casa1, 0.0, 0.2608695652173913, 5.0222930588936484E-5, 0.0, 0.2753721538732234
Casa1, 0.0, 0.2608695652173913, 0.4000001217593923, 0.0, 0.48042638332547555
Casa1, 0.0, 0.2608695652173913, 0.2000001827837669, 0.0, 0.23709299661400057
Casa1, 0.0, 0.2608695652173913, 0.33335482777904474, 0.0, 0.8322856539487675
Casa1, 0.0, 0.2608695652173913, 0.06666860237792228, 0.0, 0.1954663277201845
Casa1, 0.0, 0.2608695652173913, 0.33333329379237897, 0.0, 0.7858112473651981
Casa1, 0.0, 0.2608695652173913, 0.06668081468632271, 0.0, 0.0029028310732153646
Casa1, 0.0, 0.2608695652173913, 0.7333546257580322, 0.0, 0.7615760696813575
Casa1, 0.0, 0.2608695652173913, 3.222962034399601E-5, 0.0, 0.2221998500919706
Casa1, 0.0, 0.2608695652173913, 0.06666670094731197, 0.0, 0.6138414623253611
Casa1, 0.0, 0.2608695652173913, 3.0140014449319686E-8, 0.0, 0.24548792409536815
Casa1, 0.0, 0.2608695652173913, 0.1333365598391584, 0.0, 0.7374146724914086
Casa1, 0.0, 0.2608695652173913, 0.06666994489420797, 0.0, 0.22771365609067148
Casa1, 0.0, 0.2608695652173913, 0.4667479349429585, 0.0, 0.7572172264188533
Casa1, 0.0, 0.2608695652173913, 0.06671544013199511, 0.0, 0.5604312974166225
Casa1, 0.0, 0.2608695652173913, 0.33333314621586463, 0.0, 0.6930137590524257
Casa1, 0.0, 0.2608695652173913, 0.06668820825427284, 0.0, 0.39229532210549706
Casa1, 0.0, 0.2608695652173913, 0.06673285532708886, 0.0, 0.21999886719318418
Casa1, 0.0, 0.2608695652173913, 0.2000031944903122, 0.0, 0.0066573165652814
Casa1, 0.0, 0.2608695652173913, 0.06666681420210557, 0.0, 0.22520577246391785
Casa1, 0.0, 0.2608695652173913, 0.4000000681784748, 0.0, 0.4282567131839935
Casa1, 0.0, 0.2608695652173913, 0.06666724344811531, 0.0, 0.2399787446861035
Casa1, 0.0, 0.2608695652173913, 0.26666679752916084, 0.0, 0.6841345963915237
Casa1, 0.0, 0.2608695652173913, 0.5333546817934945, 0.0, 0.7236842695403978
Casa1, 0.0, 0.2608695652173913, 0.19999993040417527, 0.0, 0.5492583560804593
Casa1, 0.0, 0.2608695652173913, 0.40000040433138195, 0.0, 0.7241445253790366
Casa1, 0.0, 0.2608695652173913, 0.13333333910068218, 0.0, 0.23653164979618022
Casa1, 0.0, 0.2608695652173913, 0.13337897676842175, 0.0, 0.6680318879349031
Casa1, 0.0, 0.2608695652173913, 0.6666879871157486, 0.0, 0.7004992133546057
Casa1, 0.0, 0.2608695652173913, 0.0666666241001033, 0.0, 0.2336438551386326
Casa1, 0.0, 0.2608695652173913, 4.455921807135204E-5, 0.0, 0.3130091867845925
Casa1, 0.0, 0.2608695652173913, 0.13338988712039307, 0.0, 0.6030892684755746
Casa1, 0.0, 0.2608695652173913, 0.20000047917504352, 0.0, 0.7156141830679171
Casa1, 0.0, 0.2608695652173913, 0.4000000753625084, 0.0, 0.45715384649801416
Casa1, 0.0, 0.2608695652173913, 0.13333655769392613, 0.0, 0.6173783538731951
Casa1, 0.0, 0.2608695652173913, 0.46666748055115875, 0.0, 0.7011732366758606
Casa1, 0.0, 0.2608695652173913, 2.787355161548549E-6, 0.0, 0.06565701929874555
Casa1, 0.0, 0.2608695652173913, 0.3333548065262785, 0.0, 0.7568169475084472
Casa1, 0.0, 0.2608695652173913, 0.46666680175975844, 0.0, 0.45370026349678744
Casa1, 0.0, 0.2608695652173913, 0.466688010174501, 0.0, 0.7219281876463682
Casa1, 0.0, 0.2608695652173913, 0.20000059766170938, 0.0, 0.6789662823197345
Casa1, 0.0, 0.2608695652173913, 0.20005659989791266, 0.0, 0.5892122216900979
Casa1, 0.0, 0.2608695652173913, 0.3333365731994654, 0.0, 0.6923352615470337
Casa1, 0.0, 0.2608695652173913, 0.5333547851138671, 0.0, 0.6353545588991669
Casa1, 0.0, 0.2608695652173913, 0.06672156397188925, 0.0, 0.593421873772423
Casa1, 0.0, 0.2608695652173913, 0.40002337787316666, 0.0, 0.7087142563171697
Casa1, 0.0, 0.2608695652173913, 0.06673459590868273, 0.0, 0.6264146273467817
Casa1, 0.0, 0.2608695652173913, 3.33483340262742E-5, 0.0, 0.22045181574203696
Casa1, 0.0, 0.2608695652173913, 0.0666700004706904, 0.0, 0.24296235056782894
Casa1, 0.0, 0.2608695652173913, 0.06673360810405782, 0.0, 0.6517754134176079
Casa1, 0.0, 0.2608695652173913, 0.06673744053655688, 0.0, 0.428026660106562
Casa1, 0.0, 0.2608695652173913, 4.889228791440367E-5, 0.0, 0.331607259861257
Casa1, 0.0, 0.2608695652173913, 0.20002160537251223, 0.0, 0.35692450156091876
Casa1, 0.0, 0.2608695652173913, 5.0466988176062104E-5, 0.0, 0.27667766855119813
Casa1, 0.0, 0.2608695652173913, 0.0666668182431245, 0.0, 0.12083263630588366
Casa1, 0.0, 0.2608695652173913, 0.33333347917586803, 0.0, 0.5271258408268388
Casa1, 0.0, 0.2608695652173913, 0.20006489660864687, 0.0, 0.4415497728001675
Casa1, 0.0, 0.2608695652173913, 0.2000311806416771, 0.0, 0.4188296289792057
Casa1, 0.0, 0.2608695652173913, 0.0666886655379694, 0.0, 0.3189538099055019
Casa1, 0.0, 0.2608695652173913, 0.2666880964926607, 0.0, 0.1436815680476107
Casa1, 0.0, 0.2608695652173913, 0.3333334656559158, 0.0, 0.34626279835745843
Casa1, 0.0, 0.2608695652173913, 0.4666724998458814, 0.0, 0.3470274130213977
Casa1, 0.0, 0.2608695652173913, 0.06666688878634366, 0.0, 0.005484957852804415
Casa1, 0.0, 0.2608695652173913, 0.266669775360992, 0.0, 0.7104179788263971
Casa1, 0.0, 0.2608695652173913, 0.4000001341817838, 0.0, 0.20806675968252364
Casa1, 0.0, 0.2608695652173913, 0.06667000146847285, 0.0, 0.14267939162373727
Casa1, 0.0, 0.2608695652173913, 0.06670196557890706, 0.0, 0.5858889697132896
Casa1, 0.0, 0.2608695652173913, 3.363040712472234E-5, 0.0, 0.2218977610170171
Casa1, 0.0, 0.2608695652173913, 0.13339785146979338, 0.0, 0.6774306682984339
Casa1, 0.0, 0.2608695652173913, 0.06666668719188314, 0.0, 0.23423095845199673
Casa1, 0.0, 0.2608695652173913, 0.40008965951360936, 0.0, 0.9291804852460621
Casa1, 0.0, 0.2608695652173913, 0.13336812837874054, 0.0, 0.3797513971293134
Casa1, 0.0, 0.2608695652173913, 0.133392067674158, 0.0, 0.380354385973583
Casa1, 0.0, 0.2608695652173913, 0.40000019315072655, 0.0, 0.6903124540504827
Casa1, 0.0, 0.2608695652173913, 0.13339074012460905, 0.0, 0.5291713376622897
Casa1, 0.0, 0.2608695652173913, 0.4666667575081068, 0.0, 0.6394284069739228
Casa1, 0.0, 0.2608695652173913, 1.485917579309957E-5, 0.0, 0.15056310002306436
Casa1, 0.0, 0.2608695652173913, 0.3333335273687603, 0.0, 0.39912853071505094
Casa1, 0.0, 0.2608695652173913, 0.06666666255114666, 0.0, 0.5791951112560316
Casa1, 0.0, 0.2608695652173913, 0.13339453504048804, 0.0, 0.6129123343056392
Casa1, 0.0, 0.2608695652173913, 0.06668873453462579, 0.0, 0.3584637950815827
Casa1, 0.0, 0.2608695652173913, 0.40000021395449065, 0.0, 0.6962616847101658
Casa1, 0.0, 0.2608695652173913, 0.06668866389162836, 0.0, 0.18416673213744306
Casa1, 0.0, 0.2608695652173913, 0.20000320366991073, 0.0, 0.653978097268393
Casa1, 0.0, 0.2608695652173913, 0.6000212037451207, 0.0, 1.0
Casa1, 0.0, 0.2608695652173913, 6.243039974448476E-5, 0.0, 0.37928834628635044
Casa1, 0.0, 0.2608695652173913, 0.13333379114252866, 0.0, 0.5054108072317577
Casa1, 0.0, 0.2608695652173913, 0.40000072726367175, 0.0, 0.739156719490307
Casa1, 0.0, 0.2608695652173913, 0.06667011905713452, 0.0, 0.30862100278049315
Casa1, 0.0, 0.2608695652173913, 0.2667159776274228, 0.0, 0.546466889736497
Casa1, 0.0, 0.2608695652173913, 0.2000234969185907, 0.0, 0.6015510635641897
Casa1, 0.0, 0.2608695652173913, 3.352269650930855E-5, 0.0, 0.2213134499864539
Casa1, 0.0, 0.2608695652173913, 0.20008637242908586, 0.0, 0.9059964333023302
Casa1, 0.0, 0.2608695652173913, 0.5333334714829653, 0.0, 0.9181058344417099
Casa1, 0.0, 0.2608695652173913, 0.13339559139276722, 0.0, 0.28423943980689026
Casa1, 0.0, 0.2608695652173913, 0.20000055924708507, 0.0, 0.67935104582639
Casa1, 0.0, 0.2608695652173913, 0.06671151176271355, 0.0, 0.38671007612285446
Casa1, 0.0, 0.2608695652173913, 0.6000000347427848, 0.0, 0.38385354360227975
Casa1, 0.0, 0.2608695652173913, 6.571993881282122E-8, 0.0, 4.1847773602973293E-4
Casa1, 0.0, 0.2608695652173913, 0.20000002898607905, 0.0, 0.9200873918111523
Casa1, 0.0, 0.2608695652173913, 0.06666681769434415, 0.0, 0.21816330321416355
Casa1, 0.0, 0.2608695652173913, 3.768709122928747E-5, 0.0, 0.2399934409113715
Casa1, 0.0, 0.2608695652173913, 0.06666997128555376, 0.0, 0.24053284680917136
Casa1, 0.0, 0.2608695652173913, 4.581487739481171E-5, 0.0, 0.31809271996572447
Casa1, 0.0, 0.2608695652173913, 0.20002161520066936, 0.0, 0.14526097954173314
Casa1, 0.0, 0.2608695652173913, 0.06666726285498395, 0.0, 0.2487747076613262
Casa1, 0.0, 0.2608695652173913, 0.13333393322674944, 0.0, 0.6433896901276953
Casa1, 0.0, 0.2608695652173913, 0.13335424328806367, 0.0, 0.2688642053871289
Casa1, 0.0, 0.2608695652173913, 0.06666670340285459, 0.0, 0.5532002102801228
Casa1, 0.0, 0.2608695652173913, 0.06666681978968729, 0.0, 0.22080262008223073
Casa1, 0.0, 0.2608695652173913, 6.503246670517792E-8, 0.0, 0.38833006280633264
Casa1, 0.0, 0.2608695652173913, 0.3333547492036768, 0.0, 0.759744498176868
Casa1, 0.0, 0.2608695652173913, 0.20002260490108092, 0.0, 0.9197472776140795
Casa1, 0.0, 0.2608695652173913, 0.20000019380926298, 0.0, 0.3373822939856199
Casa1, 0.0, 0.2608695652173913, 0.06666668196849201, 0.0, 0.19557627725737478
Casa1, 0.0, 0.2608695652173913, 5.871715235900645E-5, 0.0, 0.3851673806981933
Casa1, 0.0, 0.2608695652173913, 0.13335548318242443, 0.0, 0.36294968176848236
Casa1, 0.0, 0.2608695652173913, 0.13336957002471256, 0.0, 0.4460078291908467
Casa1, 0.0, 0.2608695652173913, 0.06672586635992198, 0.0, 0.36843389936697696
Casa1, 0.0, 0.2608695652173913, 0.2666699115084072, 0.0, 0.2665876730043721
Casa1, 0.0, 0.2608695652173913, 0.33333378359929333, 0.0, 0.6986435808635247
Casa1, 0.0, 0.2608695652173913, 0.7333547121659924, 0.0, 0.7756231980590793
Casa1, 0.0, 0.2608695652173913, 1.4234314534156725E-5, 0.0, 0.11759239078660762
Casa1, 0.0, 0.2608695652173913, 0.13338644551927945, 0.0, 0.5715819222625638
Casa1, 0.0, 0.2608695652173913, 0.06666904838667717, 0.0, 0.20682324402451754
Casa1, 0.0, 0.2608695652173913, 0.0667052304727489, 0.0, 0.36504730121621715
Casa1, 0.0, 0.2608695652173913, 0.3333546707779763, 0.0, 0.8936235723882661
Casa1, 0.0, 0.2608695652173913, 0.0666668129049884, 0.0, 0.12016559097010795
Casa1, 0.0, 0.2608695652173913, 0.06666670298628043, 0.0, 0.562305610442933
Casa1, 0.0, 0.2608695652173913, 0.33333354313372304, 0.0, 0.6864751063416139
Casa1, 0.0, 0.2608695652173913, 0.333394967968315, 0.0, 0.593567747415824
Casa1, 0.0, 0.2608695652173913, 0.6666667828418031, 0.0, 0.9313120529741661
Casa1, 0.0, 0.2608695652173913, 0.5334238119531629, 0.0, 0.9497262572220654
Casa1, 0.0, 0.2608695652173913, 4.4065664982751514E-5, 0.0, 0.2585199379279344
Casa1, 0.0, 0.2608695652173913, 0.33333319324534266, 0.0, 0.3100092925865283
Casa1, 0.0, 0.2608695652173913, 0.13333353865367983, 0.0, 0.5671548667426305
Casa1, 0.0, 0.2608695652173913, 3.3297596788721715E-5, 0.0, 0.2200928468322499
Casa1, 0.0, 0.2608695652173913, 0.06666670584642381, 0.0, 0.6045858340820335
Casa1, 0.0, 0.2608695652173913, 0.33333365578336155, 0.0, 0.4679808822357396
Casa1, 0.0, 0.2608695652173913, 0.13333381793298743, 0.0, 0.5428475360357703
Casa1, 0.0, 0.2608695652173913, 0.3999998300427265, 0.0, 0.653672091921558
Casa1, 0.0, 0.2608695652173913, 0.0666668215856957, 0.0, 0.12084869329275057
Casa1, 0.0, 0.2608695652173913, 0.13333352692973605, 0.0, 0.35537433283355646
Casa1, 0.0, 0.2608695652173913, 0.4666673959890962, 0.0, 0.6913572468061102
Casa1, 0.0, 0.2608695652173913, 0.6666887948206414, 0.0, 0.6370680680058135
Casa1, 0.0, 0.2608695652173913, 0.20006091061742884, 0.0, 0.32233812469829876
Casa1, 0.0, 0.2608695652173913, 0.06673314283810167, 0.0, 0.6369447449036294
Casa1, 0.0, 0.2608695652173913, 0.2666670616421752, 0.0, 0.5388367102737054
Casa1, 0.0, 0.2608695652173913, 0.06672209773561055, 0.0, 0.6066830398582422
Casa1, 0.0, 0.2608695652173913, 0.13333392709038738, 0.0, 0.6889076037757891
Casa1, 0.0, 0.2608695652173913, 0.5333546659287536, 0.0, 0.7574073084850791
Casa1, 0.0, 0.2608695652173913, 0.06666692335950554, 0.0, 0.1612687558261688
Casa1, 0.0, 0.2608695652173913, 0.26666688278967116, 0.0, 0.6813383374452101
Casa1, 0.0, 0.2608695652173913, 0.46673158428196004, 0.0, 0.7595079978109809
Casa1, 0.0, 0.2608695652173913, 0.5333964103526461, 0.0, 0.8203081868109695
Casa1, 0.0, 0.2608695652173913, 0.33333354383217073, 0.0, 0.684137160066376
Casa1, 0.0, 0.2608695652173913, 0.20007848021935665, 0.0, 0.8679890010837432
Casa1, 0.0, 0.2608695652173913, 0.33333321644478237, 0.0, 0.5107058027653572
Casa1, 0.0, 0.2608695652173913, 0.06666672261166341, 0.0, 0.33394314322191093
Casa1, 0.0, 0.2608695652173913, 0.46666641459023456, 0.0, 0.5060814395351081
Casa1, 0.0, 0.2608695652173913, 0.46666676229746257, 0.0, 0.6588734180697362
Casa1, 0.0, 0.2608695652173913, 0.1333941588765046, 0.0, 0.7218067369521441
Casa1, 0.0, 0.2608695652173913, 0.7333545965230064, 0.0, 0.9933467140105745
Casa1, 0.0, 0.2608695652173913, 0.46666746892699323, 0.0, 0.6535912136951663
Casa1, 0.0, 0.2608695652173913, 0.13335488925242142, 0.0, 0.3569118818578506
Casa1, 0.0, 0.2608695652173913, 1.337527373433742E-7, 0.0, 0.0027454726019197646
Casa1, 0.0, 0.2608695652173913, 0.600005126725959, 0.0, 0.6102325783243762
Casa1, 0.0, 0.2608695652173913, 0.06666681699589644, 0.0, 0.12043474961436833
Casa1, 0.0, 0.2608695652173913, 0.2000005222293562, 0.0, 0.3995781453979865
Casa1, 0.0, 0.2608695652173913, 0.06666668083551004, 0.0, 0.12051966113813904
Casa1, 0.0, 0.2608695652173913, 0.0667028424301236, 0.0, 0.5807877466313721
Casa1, 0.0, 0.2608695652173913, 0.20000091340996548, 0.0, 0.3959004177461906
Casa1, 0.0, 0.2608695652173913, 0.13333325112370917, 0.0, 0.227535562334132
Casa1, 0.0, 0.2608695652173913, 0.13333336676669505, 0.0, 0.6858861687216145
Casa1, 0.0, 0.2608695652173913, 0.0666668168961182, 0.0, 0.12099456693615153
Casa1, 0.0, 0.2608695652173913, 0.13335051741873022, 0.0, 0.3402409193575337
Casa1, 0.0, 0.2608695652173913, 3.3461282999547384E-5, 0.0, 0.22104619640843196
Casa1, 0.0, 0.2608695652173913, 0.40000018392123887, 0.0, 0.9209610007576394
Casa1, 0.0, 0.2608695652173913, 0.20007012878025507, 0.0, 0.6538701698229387
Casa1, 0.0, 0.2608695652173913, 0.13339891271120657, 0.0, 0.679085082250364
Casa1, 0.0, 0.2608695652173913, 0.06673139467336117, 0.0, 0.6346798932984374
Casa1, 0.0, 0.2608695652173913, 0.20002152569958365, 0.0, 0.7896485950740669
Casa1, 0.0, 0.2608695652173913, 0.1333542378002602, 0.0, 0.44554382853628766
Casa1, 0.0, 0.2608695652173913, 0.1334010699667513, 0.0, 0.6572828183937477
Casa1, 0.0, 0.2608695652173913, 0.40000012155983583, 0.0, 0.5523675629792855
Casa1, 0.0, 0.2608695652173913, 0.13333335749031164, 0.0, 0.6114930599579973
Casa1, 0.0, 0.2608695652173913, 0.1333980096183116, 0.0, 0.7649562151006153
Casa1, 0.0, 0.2608695652173913, 0.2000004385154087, 0.0, 0.5489674252506166
Casa1, 0.0, 0.2608695652173913, 0.0666677036752701, 0.0, 2.643252190611174E-4
Casa1, 0.0, 0.2608695652173913, 0.866668910303564, 0.0, 0.7494813429950601
Casa1, 0.0, 0.2608695652173913, 0.33333374139309574, 0.0, 0.3258223112278845
Casa1, 0.0, 0.2608695652173913, 0.4666668753961032, 0.0, 0.3321975201415305
Casa1, 0.0, 0.2608695652173913, 1.4143815665995263E-5, 0.0, 0.11680369336389118
Casa1, 0.0, 0.2608695652173913, 0.06671696194978695, 0.0, 0.6762579639525108
Casa1, 0.0, 0.2608695652173913, 0.2666668251677347, 0.0, 0.022816706185542154
Casa1, 0.0, 0.2608695652173913, 0.33333644857643746, 0.0, 0.5550990741672006
Casa1, 0.0, 0.2608695652173913, 4.2905643107067766E-8, 0.0, 0.25486329935939805
Casa1, 0.0, 0.2608695652173913, 0.2666666563928334, 0.0, 0.9137388946476924
Casa1, 0.0, 0.2608695652173913, 0.26668828073318995, 0.0, 0.43002162097775337
Casa1, 0.0, 0.2608695652173913, 0.7999999960188481, 0.0, 0.7552177886420016
Casa1, 0.0, 0.2608695652173913, 0.06673279925171521, 0.0, 0.645052162509814
Casa1, 0.0, 0.2608695652173913, 0.06672375894361057, 0.0, 0.6175258604305147
Casa1, 0.0, 0.2608695652173913, 0.20002158057761835, 0.0, 0.7736536589360784
Casa1, 0.0, 0.2608695652173913, 0.06666668657076356, 0.0, 0.221080487600724
Casa1, 0.0, 0.2608695652173913, 0.266666811847339, 0.0, 0.7974512020821003
Casa1, 0.0, 0.2608695652173913, 0.4666840014338431, 0.0, 0.9156739820085327
Casa1, 0.0, 0.2608695652173913, 0.0666681559201653, 0.0, 0.18272932700225755
Casa1, 0.0, 0.2608695652173913, 0.40000324172533336, 0.0, 0.6354135996234196
Casa1, 0.0, 0.2608695652173913, 0.13333389965137002, 0.0, 0.7563923980541631
Casa1, 0.0, 0.2608695652173913, 6.0758814806988635E-5, 0.0, 0.3951164530523151
Casa1, 0.0, 0.2608695652173913, 0.13333392409704004, 0.0, 0.7932072588074832
Casa1, 0.0, 0.2608695652173913, 0.4000031497297915, 0.0, 0.5118480695958363
Casa1, 0.0, 0.2608695652173913, 0.13340861993710038, 0.0, 0.2533257340059647
Casa1, 0.0, 0.2608695652173913, 0.06666681988946555, 0.0, 0.22142884257003972
Casa1, 0.0, 0.2608695652173913, 5.053194381351868E-5, 0.0, 0.2770415362027412
Casa1, 0.0, 0.2608695652173913, 0.4666879549472424, 0.0, 0.9067549272605976
Casa1, 0.0, 0.2608695652173913, 0.06672347801796194, 0.0, 5.804301384831838E-4
Casa1, 0.0, 0.2608695652173913, 0.20005007045945283, 0.0, 0.5541263446243271
Casa1, 0.0, 0.2608695652173913, 0.13340424640717902, 0.0, 0.6906991824968871
Casa1, 0.0, 0.2608695652173913, 0.20004563646391504, 0.0, 0.006952438540848587
Casa1, 0.0, 0.2608695652173913, 0.06671294288208073, 0.0, 0.5423467757673789
Casa1, 0.0, 0.2608695652173913, 0.333333752917483, 0.0, 0.5429781528201245
Casa1, 0.0, 0.2608695652173913, 0.4000897849847524, 0.0, 0.9240040310983884
Casa1, 0.0, 0.2608695652173913, 0.2000895662808173, 0.0, 0.9222014710311872
Casa1, 0.0, 0.2608695652173913, 0.4000001391208069, 0.0, 0.31817518211861723
Casa1, 0.0, 0.2608695652173913, 0.06666904634122316, 0.0, 0.2069394530650627
Casa1, 0.0, 0.2608695652173913, 3.6187523986069585E-5, 0.0, 0.27453664625150515
Casa1, 0.0, 0.2608695652173913, 3.680091074684422E-5, 0.0, 0.23618956793783535
Casa1, 0.0, 0.2608695652173913, 0.06672649511253247, 0.0, 0.6259394493964494
Casa1, 0.0, 0.2608695652173913, 0.13333327398440176, 0.0, 0.7037453482500818
Casa1, 0.0, 0.2608695652173913, 0.1333781929604186, 0.0, 0.31575973230575294
Casa1, 0.0, 0.2608695652173913, 0.06671340026555554, 0.0, 0.2683078961087476
Casa1, 0.0, 0.2608695652173913, 0.33333352632108876, 0.0, 0.3909895352752026
Casa1, 0.0, 0.2608695652173913, 0.06668777701269821, 0.0, 0.3484719948132558
Casa1, 0.0, 0.2608695652173913, 0.13333351590423997, 0.0, 0.6989873092434042
Casa1, 0.0, 0.2608695652173913, 0.06666947598634587, 0.0, 0.23070192938468115
Casa1, 0.0, 0.2608695652173913, 0.06666681834290274, 0.0, 0.2205451639877208
Casa1, 0.0, 0.2608695652173913, 0.06667038910695444, 0.0, 0.23718374036198414
Casa1, 0.0, 0.2608695652173913, 0.13338335054778874, 0.0, 0.7820498301535473
Casa1, 0.0, 0.2608695652173913, 0.06672705811127955, 0.0, 0.6394463690270281
Casa1, 0.0, 0.2608695652173913, 0.20007092096963078, 0.0, 0.6922226911830041
Casa1, 0.0, 0.2608695652173913, 0.06668789964016124, 0.0, 0.3496210219073582
Casa1, 0.0, 0.2608695652173913, 3.33770701608172E-5, 0.0, 0.22050352468279477
Casa1, 0.0, 0.2608695652173913, 0.13338300042592724, 0.0, 0.5395466005491838
Casa1, 0.0, 0.2608695652173913, 0.06674356273010996, 0.0, 0.7151006316404962
Casa1, 0.0, 0.2608695652173913, 0.0666672634037643, 0.0, 0.15079442949487562
Casa1, 0.0, 0.2608695652173913, 3.31505735448012E-5, 0.0, 0.21969604875001364
Casa1, 0.0, 0.2608695652173913, 0.13333381319352078, 0.0, 0.20109768447036705
Casa1, 0.0, 0.2608695652173913, 0.0666701056868497, 0.0, 0.14454935021293144
Casa1, 0.0, 0.2608695652173913, 0.20005926851696273, 0.0, 0.5884292394660968
Casa1, 0.0, 0.2608695652173913, 0.06668902583721188, 0.0, 0.2518992340142327
Casa1, 0.0, 0.2608695652173913, 0.0667097384039662, 0.0, 0.7176311039097915
Casa1, 0.0, 0.2608695652173913, 0.06670888529997196, 0.0, 0.7115572084369876
Casa1, 0.0, 0.2608695652173913, 0.20008496565561043, 0.0, 0.9179009200740563
Casa1, 0.0, 0.2608695652173913, 0.06666672209481211, 0.0, 0.2773674086689201
Casa1, 0.0, 0.2608695652173913, 0.06666860143002896, 0.0, 0.19542686563381667
Casa1, 0.0, 0.2608695652173913, 8.202814416807607E-5, 0.0, 0.4878071787315618
Casa1, 0.0, 0.2608695652173913, 0.2000002735819698, 0.0, 0.5030101516189966
Casa1, 0.0, 0.2608695652173913, 3.706741843908156E-5, 0.0, 0.2790902988660295
Casa1, 0.0, 0.2608695652173913, 0.3333341219972111, 0.0, 0.476478226078086
Casa1, 0.0, 0.2608695652173913, 0.26666980200178336, 0.0, 0.7180728071247909
Casa1, 0.0, 0.2608695652173913, 0.06666681919101783, 0.0, 0.1205683764033793
Casa1, 0.0, 0.2608695652173913, 0.0667051159273237, 0.0, 0.241577421842943
Casa1, 0.0, 0.2608695652173913, 0.20008454404263643, 0.0, 0.8937147434153917
Casa1, 0.0, 0.2608695652173913, 0.06666681814334625, 0.0, 0.12023498981165133
Casa1, 0.0, 0.2608695652173913, 0.2000889872177728, 0.0, 0.6450093230131577
Casa1, 0.0, 0.2608695652173913, 5.8315395255751624E-9, 0.0, 0.03312556390641039
Casa1, 0.0, 0.2608695652173913, 0.46666969478008136, 0.0, 0.8333562576304027
Casa1, 0.0, 0.2608695652173913, 0.33333324757808924, 0.0, 0.8026456182828793
Casa1, 0.0, 0.2608695652173913, 1.7111969007376858E-10, 0.0, 0.0013683818638434355
Casa1, 0.0, 0.2608695652173913, 0.2666881280724752, 0.0, 0.4225090167601523
Casa1, 0.0, 0.2608695652173913, 0.2666667090757467, 0.0, 0.3485398668802852
Casa1, 0.0, 0.2608695652173913, 4.8238291407938064E-8, 0.0, 0.3275807662901425
Casa1, 0.0, 0.2608695652173913, 0.13340510375174866, 0.0, 0.4306009298486791
Casa1, 0.0, 0.2608695652173913, 5.016700488264707E-8, 0.0, 0.2750537356590832
Casa1, 0.0, 0.2608695652173913, 0.466666777962647, 0.0, 0.485356907029382
Casa1, 0.0, 0.2608695652173913, 0.0666666828220949, 0.0, 0.19563914444324346
Casa1, 0.0, 0.2608695652173913, 0.3333335423853862, 0.0, 0.6801834890129878
Casa1, 0.0, 0.2608695652173913, 0.06673017393642344, 0.0, 0.626914299005894
Casa1, 0.0, 0.2608695652173913, 0.13333750419035764, 0.0, 0.15861635931761311
Casa1, 0.0, 0.2608695652173913, 0.20004207183622538, 0.0, 0.33947042348196405
Casa1, 0.0, 0.2608695652173913, 0.19999992969774527, 0.0, 0.9046487350147898
Casa1, 0.0, 0.2608695652173913, 0.06666668356344727, 0.0, 0.21783153320721504
Casa1, 0.0, 0.2608695652173913, 0.06666681754467678, 0.0, 0.1207667754444974
Casa1, 0.0, 0.2608695652173913, 7.42848035803094E-5, 0.0, 0.456014344735104
Casa1, 0.0, 0.2608695652173913, 0.2666665262415918, 0.0, 0.7109301694922192
Casa1, 0.0, 0.2608695652173913, 0.0666667214647125, 0.0, 0.07122616202862687
Casa1, 0.0, 0.2608695652173913, 0.13337494936923208, 0.0, 0.506867638599529
Casa1, 0.0, 0.2608695652173913, 0.33333325091367594, 0.0, 0.8662989787222934
Casa1, 0.0, 0.2608695652173913, 0.06670038429328123, 0.0, 0.6616526375593084
Casa1, 0.0, 0.2608695652173913, 0.06666668770823556, 0.0, 0.5642653792976539
Casa1, 0.0, 0.2608695652173913, 0.33335474650966423, 0.0, 0.9037451893131271
Casa1, 0.0, 0.2608695652173913, 0.06674671677032168, 0.0, 0.7142395417007188
Casa1, 0.0, 0.2608695652173913, 0.0667006462111742, 0.0, 6.698294540070363E-4
Casa1, 0.0, 0.2608695652173913, 0.06672224560696956, 0.0, 0.5823757554172763
Casa1, 0.0, 0.2608695652173913, 0.13333663447328561, 0.0, 0.3010815670656852
Casa1, 0.0, 0.2608695652173913, 0.13333387036645514, 0.0, 0.626826121654286
Casa1, 0.0, 0.2608695652173913, 0.8000022792943161, 0.0, 0.7514548990863008
Casa1, 0.0, 0.2608695652173913, 0.13340418683956679, 0.0, 0.6772718129893796
Casa1, 0.0, 0.2608695652173913, 0.2000588603740518, 0.0, 0.6453294857236677
Casa1, 0.0, 0.2608695652173913, 0.0667087257545583, 0.0, 0.4763182685521365
Casa1, 0.0, 0.2608695652173913, 0.06666683161340932, 0.0, 0.4720631670324085
Casa1, 0.0, 0.2608695652173913, 0.20002158616520008, 0.0, 0.9102946573571269
Casa1, 0.0, 0.2608695652173913, 0.06666682233403254, 0.0, 0.12079616789503342
Casa1, 0.0, 0.2608695652173913, 0.2666882161766655, 0.0, 0.788528416125861
Casa1, 0.0, 0.2608695652173913, 0.06673332099215801, 0.0, 0.643992129224279
Casa1, 0.0, 0.2608695652173913, 0.33333368202504, 0.0, 0.5484312770160845
Casa1, 0.0, 0.2608695652173913, 0.1333542968689812, 0.0, 0.350306301448559
Casa1, 0.0, 0.2608695652173913, 0.06668710755056377, 0.0, 0.21948928918963198
Casa1, 0.0, 0.2608695652173913, 0.13333385559927488, 0.0, 0.5825504772065737
Casa1, 0.0, 0.2608695652173913, 0.13338072722806188, 0.0, 0.545525003216024
Casa1, 0.0, 0.2608695652173913, 0.13333388952387817, 0.0, 0.7397397758986761
Casa1, 0.0, 0.2608695652173913, 0.06666668168312623, 0.0, 0.16860979249985872
Casa1, 0.0, 0.2608695652173913, 0.20002185741235895, 0.0, 0.8901166175956077
Casa1, 0.0, 0.2608695652173913, 0.06666681749478766, 0.0, 0.11743213389310639
Casa1, 0.0, 0.2608695652173913, 0.06666681549922276, 0.0, 0.11756032580029138
Casa1, 0.0, 0.2608695652173913, 0.06669562517033228, 0.0, 0.41330857828575235
Casa1, 0.0, 0.2608695652173913, 0.26666676130965794, 0.0, 0.9074568026502585
Casa1, 0.0, 0.2608695652173913, 0.20000047483468986, 0.0, 0.5503466932072512
Casa1, 0.0, 0.2608695652173913, 0.20000325480626127, 0.0, 0.625920398734065
Casa1, 0.0, 0.2608695652173913, 0.5333545725363164, 0.0, 0.9704578466374433
Casa1, 0.0, 0.2608695652173913, 0.40002136744130934, 0.0, 0.6531422848360767
Casa1, 0.0, 0.2608695652173913, 0.5333334736780867, 0.0, 0.9353635736726073
Casa1, 0.0, 0.2608695652173913, 0.5333333808843189, 0.0, 0.5567452663975502
Casa1, 0.0, 0.2608695652173913, 0.2666667819138655, 0.0, 0.8462200813293461
Casa1, 0.0, 0.2608695652173913, 0.06666668525867965, 0.0, 0.26628172208800094
Casa1, 0.0, 0.2608695652173913, 3.0474670682851714E-5, 0.0, 0.21587366941873262
Casa1, 0.0, 0.2608695652173913, 0.06666681879190485, 0.0, 0.12085114266362856
Casa1, 0.0, 0.2608695652173913, 0.0666874222012592, 0.0, 0.12389133989872864
Casa1, 0.0, 0.2608695652173913, 0.46669882164623155, 0.0, 0.2674438016073599
Casa1, 0.0, 0.2608695652173913, 2.812399501028733E-6, 0.0, 0.06614253903722939
Casa1, 0.0, 0.2608695652173913, 0.1333989254329328, 0.0, 0.6794470448356686
Casa1, 0.0, 0.2608695652173913, 0.06666682053802413, 0.0, 0.0029845720224606657
Casa1, 0.0, 0.2608695652173913, 0.06666866149653242, 0.0, 0.17936797370068033
Casa1, 0.0, 0.2608695652173913, 0.46666683553469435, 0.0, 0.6326245064476859
Casa1, 0.0, 0.2608695652173913, 0.13340996794118953, 0.0, 0.7161788991314564
Casa1, 0.0, 0.2608695652173913, 0.5333333288499642, 0.0, 0.35061683813151845
Casa1, 0.0, 0.2608695652173913, 0.06666672953627362, 0.0, 0.4156323835264546
Casa1, 0.0, 0.2608695652173913, 0.06666681664667258, 0.0, 0.2237146499038546
Casa1, 0.0, 0.2608695652173913, 0.06666815976162772, 0.0, 0.046685776404248
Casa1, 0.0, 0.2608695652173913, 0.33341830495235686, 0.0, 0.9233130935104594
Casa1, 0.0, 0.2608695652173913, 0.26666993251172777, 0.0, 0.705180135279951
Casa1, 0.0, 0.2608695652173913, 0.533333226926487, 0.0, 0.4236244085490533
Casa1, 0.0, 0.2608695652173913, 0.33333314957090815, 0.0, 0.6165815082100246
Casa1, 0.0, 0.2608695652173913, 0.06670306398771648, 0.0, 0.325700193760477
Casa1, 0.0, 0.2608695652173913, 0.06672668683643013, 0.0, 0.5889697339731758
Casa1, 0.0, 0.2608695652173913, 0.3333338628232198, 0.0, 0.6989453977861585
Casa1, 0.0, 0.2608695652173913, 0.06666671955545576, 0.0, 0.22139509568238727
Casa1, 0.0, 0.2608695652173913, 0.13334205806945676, 0.0, 0.2496406963428596
Casa1, 0.0, 0.2608695652173913, 0.06668761352604387, 0.0, 0.12493998088815778
Casa1, 0.0, 0.2608695652173913, 0.20000000740703802, 0.0, 0.7060805022425188
Casa1, 0.0, 0.2608695652173913, 0.5333545651527262, 0.0, 0.9326887327622394
Casa1, 0.0, 0.2608695652173913, 0.06671551511534618, 0.0, 0.6615737133865728
Casa1, 0.0, 0.2608695652173913, 0.39999988087575117, 0.0, 0.7390262469466823
Casa1, 0.0, 0.2608695652173913, 0.20007411816393345, 0.0, 0.6857261431575851
Casa1, 0.0, 0.2608695652173913, 0.06666662398835166, 0.0, 0.17608853824735626
Casa1, 0.0, 0.2608695652173913, 0.06671558605767834, 0.0, 0.5332547110682379
Casa1, 0.0, 0.2608695652173913, 0.06666770986152129, 0.0, 0.16865170395710452
Casa1, 0.0, 0.2608695652173913, 0.06666995547070194, 0.0, 0.14228531506469883
Casa1, 0.0, 0.2608695652173913, 0.33335469242985544, 0.0, 0.9194614006528151
Casa1, 0.0, 0.2608695652173913, 0.13334962829478955, 0.0, 0.2946543607298224
Casa1, 0.0, 0.2608695652173913, 0.33335462537887484, 0.0, 0.9309040857607261
Casa1, 0.0, 0.2608695652173913, 0.06671331680105365, 0.0, 0.5451831472441045
Casa1, 0.0, 0.2608695652173913, 0.06666668627092993, 0.0, 0.22123289289979964
Casa1, 0.0, 0.2608695652173913, 0.0667132332367735, 0.0, 0.659254703469745
Casa1, 0.0, 0.2608695652173913, 0.06666668858877857, 0.0, 0.32560058601143826
Casa1, 0.0, 0.2608695652173913, 2.3807837579753195E-5, 0.0, 0.19077115589937563
Casa1, 0.0, 0.2608695652173913, 0.06666665092348889, 0.0, 0.5163181279038176
Casa1, 0.0, 0.2608695652173913, 0.26666674983515976, 0.0, 0.9216174321529438
Casa1, 0.0, 0.2608695652173913, 0.2666671120301889, 0.0, 0.6182658589171302
Casa1, 0.0, 0.2608695652173913, 0.33333314246320483, 0.0, 0.5799791820893119
Casa1, 0.0, 0.2608695652173913, 0.4000836874364258, 0.0, 0.9282279004178986
Casa1, 0.0, 0.2608695652173913, 0.06668742728994968, 0.0, 0.34456225458732603
Casa1, 0.0, 0.2608695652173913, 0.06673225575961501, 0.0, 0.6638886410186039
Casa1, 0.0, 0.2608695652173913, 0.06666810084257409, 0.0, 0.19764653995392548
Casa1, 0.0, 0.2608695652173913, 0.0666690548722631, 0.0, 0.20700531392644897
Casa1, 0.0, 0.2608695652173913, 3.663098839570974E-5, 0.0, 0.23608587790399999
Casa1, 0.0, 0.2608695652173913, 0.33335423853861923, 0.0, 0.3885396200925616
Casa1, 0.0, 0.2608695652173913, 0.0666699358642768, 0.0, 0.2273446175450526
Casa1, 0.0, 0.2608695652173913, 0.13333389067132798, 0.0, 0.6768071673338227
Casa1, 0.0, 0.2608695652173913, 0.13340843719324477, 0.0, 0.7250450774051818
Casa1, 0.0, 0.2608695652173913, 0.06668916687376111, 0.0, 0.3756298026515757
Casa1, 0.0, 0.2608695652173913, 0.13340415096928773, 0.0, 0.6769765304439437
Casa1, 0.0, 0.2608695652173913, 5.782648185554085E-7, 0.0, 0.026301344487978776
Casa1, 0.0, 0.2608695652173913, 0.33333375221903533, 0.0, 0.6484877535211803
Casa1, 0.0, 0.2608695652173913, 0.3333369168856301, 0.0, 0.5960802576320138
Casa1, 0.0, 0.2608695652173913, 0.06673581744384642, 0.0, 0.4626368992845801
Casa1, 0.0, 0.2608695652173913, 0.3333341187544181, 0.0, 0.6060900335610621
Casa1, 0.0, 0.2608695652173913, 0.06666667671317185, 0.0, 0.12817040715173622
Casa1, 0.0, 0.2608695652173913, 0.2666697857379295, 0.0, 0.7376870969635062
Casa1, 0.0, 0.2608695652173913, 0.26666759435822496, 0.0, 0.6336552398144736
Casa1, 0.0, 0.2608695652173913, 0.06674249570155857, 0.0, 0.6897349468279139
Casa1, 0.0, 0.2608695652173913, 5.6932518669992206E-5, 0.0, 0.3757185243078233
Casa1, 0.0, 0.2608695652173913, 0.6666890873704555, 0.0, 0.8440132036113133
Casa1, 0.0, 0.2608695652173913, 0.1333544303223838, 0.0, 0.35211067132868673
Casa1, 0.0, 0.2608695652173913, 0.26668826960791564, 0.0, 0.42690683767789495
Casa1, 0.0, 0.2608695652173913, 0.40000019764074757, 0.0, 0.690516840442636
Casa1, 0.0, 0.2608695652173913, 0.06666681804356801, 0.0, 0.1203511988521965
Casa1, 0.0, 0.2608695652173913, 0.5333390951345176, 0.0, 0.7770781515758441
Casa1, 0.0, 0.2608695652173913, 0.13333379049397007, 0.0, 0.5088725847393331
Casa1, 0.0, 0.2608695652173913, 0.733354494499751, 0.0, 0.4461211153154774
Casa1, 0.0, 0.2608695652173913, 3.914215737526168E-5, 0.0, 0.24304753424391945
Casa1, 0.0, 0.2608695652173913, 0.06671821192175045, 0.0, 0.3412142367494179
Casa1, 0.0, 0.2608695652173913, 0.5334234897692101, 0.0, 0.6732171462101216
Casa1, 0.0, 0.2608695652173913, 2.8059937377035226E-5, 0.0, 0.20610530620494336
Casa1, 0.0, 0.2608695652173913, 0.13341160545185637, 0.0, 0.4749090638403264
Casa1, 0.0, 0.2608695652173913, 0.4000213657450792, 0.0, 0.9075501508959424
Casa1, 0.0, 0.2608695652173913, 0.13340988332923784, 0.0, 0.7313715302307395
Casa1, 0.0, 0.2608695652173913, 0.0666666877227034, 0.0, 0.18062623184984883
Casa1, 0.0, 0.2608695652173913, 0.7333389902576043, 0.0, 0.7796997948722649
Casa1, 0.0, 0.2608695652173913, 0.06672514132130511, 0.0, 0.6032196294367482
Casa1, 0.0, 0.2608695652173913, 0.4000001661607113, 0.0, 0.92361390346951
Casa1, 0.0, 0.2608695652173913, 0.0666694944952103, 0.0, 0.21789902698251998
Casa1, 0.0, 0.2608695652173913, 0.33333367419244775, 0.0, 0.4683844841259703
Casa1, 0.0, 0.2608695652173913, 0.40000075914282096, 0.0, 0.5108456264626895
Casa1, 0.0, 0.2608695652173913, 0.20000045767283173, 0.0, 0.5823929010134223
Casa1, 0.0, 0.2608695652173913, 5.038846269729356E-5, 0.0, 0.27626045904497853
Casa1, 0.0, 0.2608695652173913, 0.33335466179793427, 0.0, 0.8587216702906652
Casa1, 0.0, 0.2608695652173913, 5.035319108770693E-5, 0.0, 0.27607321824897135
Casa1, 0.0, 0.2608695652173913, 0.13337774959578722, 0.0, 0.49596821034474264
Casa1, 0.0, 0.2608695652173913, 0.5333333291991881, 0.0, 0.4437200786894686
Casa1, 0.0, 0.2608695652173913, 0.26668808197492605, 0.0, 0.6765130114989907
Casa1, 0.0, 0.2608695652173913, 0.5333333133344471, 0.0, 0.4029843630094791
Casa1, 0.0, 0.2608695652173913, 0.0667178341613151, 0.0, 0.23398082597641207
Casa1, 0.0, 0.2608695652173913, 0.06668663046088559, 0.0, 0.43941495829488864
Casa1, 0.0, 0.2608695652173913, 0.13337273533986596, 0.0, 0.6276463887460966
Casa1, 0.0, 0.2608695652173913, 5.164487035759029E-5, 0.0, 0.3405926408510451
Casa1, 0.0, 0.2608695652173913, 0.06666669902109297, 0.0, 0.5686750633350157
Casa1, 0.0, 0.2608695652173913, 0.06666884044881471, 0.0, 0.13841558122977643
Casa1, 0.0, 0.2608695652173913, 0.20000055515617704, 0.0, 0.793387695795496
Casa1, 0.0, 0.2608695652173913, 0.13337133525153294, 0.0, 0.2859392351581433
Casa1, 0.0, 0.2608695652173913, 0.06666681674645082, 0.0, 0.12024642020908201
Casa1, 0.0, 0.2608695652173913, 0.33333378225228705, 0.0, 0.6731957223795088
Casa1, 0.0, 0.2608695652173913, 0.0666881151611703, 0.0, 0.2248661290903582
Casa1, 0.0, 0.2608695652173913, 0.06666815621950004, 0.0, 0.18252113047762744
Casa1, 0.0, 0.2608695652173913, 0.26671918445032605, 0.0, 0.5348608724138713
Casa1, 0.0, 0.2608695652173913, 0.13340647430572117, 0.0, 0.8215189924816616
Casa1, 0.0, 0.2608695652173913, 0.06666905053190944, 0.0, 0.14644077889863288
Casa1, 0.0, 0.2608695652173913, 5.800244079049426E-5, 0.0, 0.3645183677396823
Casa1, 0.0, 0.2608695652173913, 0.20007584976548526, 0.0, 0.826784595564725
Casa1, 0.0, 0.2608695652173913, 3.279925434436403E-5, 0.0, 0.2175003238340453
Casa1, 0.0, 0.2608695652173913, 0.2000001263591694, 0.0, 0.29158021521435323
Casa1, 0.0, 0.2608695652173913, 0.26667246747781875, 0.0, 0.7099158577964069
Casa1, 0.0, 0.2608695652173913, 0.19999989120030504, 0.0, 0.595228148718789
Casa1, 0.0, 0.2608695652173913, 0.40007093068803184, 0.0, 0.7018179655214145
Casa1, 0.0, 0.2608695652173913, 0.19999992065434408, 0.0, 0.6301570456049888
Casa1, 0.0, 0.2608695652173913, 0.06667001523787065, 0.0, 0.0250348564526602
Casa1, 0.0, 0.2608695652173913, 0.06666938154623703, 0.0, 0.019498744849830326
Casa1, 0.0, 0.2608695652173913, 0.06673043819910517, 0.0, 0.579830586922713
Casa1, 0.0, 0.2608695652173913, 0.0666666673415002, 0.0, 0.29222872425562885
Casa1, 0.0, 0.2608695652173913, 0.4666667588551131, 0.0, 0.7101915480963419
Casa1, 0.0, 0.2608695652173913, 0.3333335335051224, 0.0, 0.6842839726352803
Casa1, 0.0, 0.2608695652173913, 4.480477233215177E-5, 0.0, 0.31452806888127316
Casa1, 0.0, 0.2608695652173913, 0.4000001832227912, 0.0, 0.6880633137987116
Casa1, 0.0, 0.2608695652173913, 0.13333753611939603, 0.0, 0.18148096431143618
Casa1, 0.0, 0.2608695652173913, 0.06672799986824443, 0.0, 0.2445965136656443
Casa1, 0.0, 0.2608695652173913, 0.13333762572025998, 0.0, 0.26443026985655166
Casa1, 0.0, 0.2608695652173913, 0.13335359971838381, 0.0, 0.3426735174880672
Casa1, 0.0, 0.2608695652173913, 0.39999984451256754, 0.0, 0.6335383830514073
Casa1, 0.0, 0.2608695652173913, 0.3333338499019371, 0.0, 0.297135040010691
Casa1, 0.0, 0.2608695652173913, 0.5333547221537946, 0.0, 0.16148906857207546
Casa1, 0.0, 0.2608695652173913, 0.06666670192064877, 0.0, 0.24814419877448068
Casa1, 0.0, 0.2608695652173913, 0.06666904334787581, 0.0, 0.20656524362536804
Casa1, 0.0, 0.2608695652173913, 0.13339104998594872, 0.0, 0.6053258162395097
Casa1, 0.0, 0.2608695652173913, 0.5333333163277945, 0.0, 0.4422910640103018
Casa1, 0.0, 0.2608695652173913, 0.06666774438479404, 0.0, 0.1824882000469343
Casa1, 0.0, 0.2608695652173913, 8.386171908623387E-5, 0.0, 0.4944849802019529
Casa1, 0.0, 0.2608695652173913, 0.13333389585979671, 0.0, 0.6747113223192128
Casa1, 0.0, 0.2608695652173913, 0.4000001240542919, 0.0, 0.02325431895117547
Casa1, 0.0, 0.2608695652173913, 0.06666681754467678, 0.0, 0.1203686166006623
Casa1, 0.0, 0.2608695652173913, 0.06666682143602834, 0.0, 0.12056266120466395
Casa1, 0.0, 0.2608695652173913, 2.51548937755788E-5, 0.0, 1.9612384772476797E-4
Casa1, 0.0, 0.2608695652173913, 0.3333815155161082, 0.0, 0.5295058046987272
Casa1, 0.0, 0.2608695652173913, 0.26673655314875766, 0.0, 0.7139516045463938
Casa1, 0.0, 0.2608695652173913, 0.06666682058791325, 0.0, 0.23123860559471363
Casa1, 0.0, 0.2608695652173913, 0.06666989934543915, 0.0, 0.2651555557887599
Casa1, 0.0, 0.2608695652173913, 0.06666667389343865, 0.0, 0.15636511532841008
Casa1, 0.0, 0.2608695652173913, 0.06666681844268099, 0.0, 0.1209542883928244
Casa1, 0.0, 0.2608695652173913, 0.1333338656269885, 0.0, 0.2568546378832132
Casa1, 0.0, 0.2608695652173913, 0.7333544909576233, 0.0, 0.977295442342392
Casa1, 0.0, 0.2608695652173913, 0.2666672002341574, 0.0, 0.6920599440957769
Casa1, 0.0, 0.2608695652173913, 0.06672403812313991, 0.0, 0.5955139086545559
Casa1, 0.0, 0.2608695652173913, 0.1333338407822055, 0.0, 0.5874356113465876
Casa1, 0.0, 0.2608695652173913, 0.06666682018880027, 0.0, 0.2207658795190607
Casa1, 0.0, 0.2608695652173913, 0.3333341349683829, 0.0, 0.5321659738775358
Casa1, 0.0, 0.2608695652173913, 0.33333315438321287, 0.0, 0.5310875621458462
Casa1, 0.0, 0.2608695652173913, 0.06666903421816639, 0.0, 0.3006434018308427
Casa1, 0.0, 0.2608695652173913, 1.3425162856807906E-7, 0.0, 0.0027498270390362116
Casa1, 0.0, 0.2608695652173913, 0.3333549149852308, 0.0, 0.9339938310471649
Casa1, 0.0, 0.2608695652173913, 0.13333380536092856, 0.0, 0.4802372619569387
Casa1, 0.0, 0.2608695652173913, 0.33333378564474736, 0.0, 0.2967158546786299
Casa1, 0.0, 0.2608695652173913, 0.13333389705713566, 0.0, 0.6582882905822136
Casa1, 0.0, 0.2608695652173913, 0.06666681609789223, 0.0, 0.2228717941695023
Casa1, 0.0, 0.2608695652173913, 0.0667152591841479, 0.0, 0.5182090422216347
Casa1, 0.0, 0.2608695652173913, 0.13333671394665772, 0.0, 0.7480868535591803
Casa1, 0.0, 0.2608695652173913, 0.13341080393321478, 0.0, 0.70907871726077
Casa1, 0.0, 0.2608695652173913, 6.859325293238642E-5, 0.0, 4.3139952817278904E-4
Casa1, 0.0, 0.2608695652173913, 0.06666902828136081, 0.0, 0.060040176431776754
Casa1, 0.0, 0.2608695652173913, 0.1333333297030682, 0.0, 0.5217513768158643
Casa1, 0.0, 0.2608695652173913, 0.1333339149174415, 0.0, 0.6909411259091698
Casa1, 0.0, 0.2608695652173913, 0.20006732371445504, 0.0, 0.6568615347673009
Casa1, 0.0, 0.2608695652173913, 0.06666668053817087, 0.0, 0.002913932166339106
Casa1, 0.0, 0.2608695652173913, 0.06666903242215798, 0.0, 0.29795154323591916
Casa1, 0.0, 0.2608695652173913, 0.06671430814780625, 0.0, 0.47965806194694094
Casa1, 0.0, 0.2608695652173913, 0.2000005353501954, 0.0, 0.6947498976244619
Casa1, 0.0, 0.2608695652173913, 0.2000215249512468, 0.0, 0.8271544505673032
Casa1, 0.0, 0.2608695652173913, 0.6000219933402621, 0.0, 0.44525675682633953
Casa1, 0.0, 0.2608695652173913, 0.06666681784401152, 0.0, 0.223258250463587
Casa1, 0.0, 0.2608695652173913, 0.1333872709348107, 0.0, 0.5784453316150434
Casa1, 0.0, 0.2608695652173913, 0.20000041621497094, 0.0, 0.42668530568959573
Casa1, 0.0, 0.2608695652173913, 1.3939020818253917E-7, 0.0, 0.002787656211485344
Casa1, 0.0, 0.2608695652173913, 0.20002142726834501, 0.0, 0.4216542979061809
Casa1, 0.0, 0.2608695652173913, 0.13333384946291282, 0.0, 0.5657526890037171
Casa1, 0.0, 0.2608695652173913, 0.0666668639914498, 0.0, 0.3925824428028628
Casa1, 0.0, 0.2608695652173913, 3.3045008161653644E-5, 0.0, 2.1872609788232514E-4
Casa1, 0.0, 0.2608695652173913, 0.20000318102024914, 0.0, 0.6569454910364293
Casa1, 0.0, 0.2608695652173913, 0.06666882967276426, 0.0, 0.2506121494913533
Casa1, 0.0, 0.2608695652173913, 0.13333379782767107, 0.0, 0.5182365296059323
Casa1, 0.0, 0.2608695652173913, 0.1333339300338456, 0.0, 0.6802899005700209
Casa1, 0.0, 0.2608695652173913, 0.06672643624336795, 0.0, 0.6255535374070044
Casa1, 0.0, 0.2608695652173913, 0.06668941881382959, 0.0, 0.23403002295125827
Casa1, 0.0, 0.2608695652173913, 0.06671688556954045, 0.0, 0.7709500977914044
Casa1, 0.0, 0.2608695652173913, 2.539855224972466E-7, 0.0, 0.0017768824958301094
Casa1, 0.0, 0.2608695652173913, 0.466737699491036, 0.0, 0.29542472869380176
Casa1, 0.0, 0.2608695652173913, 0.2666881820525057, 0.0, 0.5572215628939167
Casa1, 0.0, 0.2608695652173913, 5.8807701116290385E-5, 0.0, 0.38549096980640923
Casa1, 0.0, 0.2608695652173913, 4.750547008796909E-5, 0.0, 0.32367483619668963
Casa1, 0.0, 0.2608695652173913, 6.678487202107623E-5, 0.0, 4.234635665280646E-4
Casa1, 0.0, 0.2608695652173913, 0.1333540164422238, 0.0, 0.3016023713524282
Casa1, 0.0, 0.2608695652173913, 0.2666665110024604, 0.0, 0.37959768005605643
Casa1, 0.0, 0.2608695652173913, 8.236873720718208E-5, 0.0, 0.48778622300293895
Casa1, 0.0, 0.2608695652173913, 1.3330373524113983E-7, 0.0, 0.0027343143568088696
Casa1, 0.0, 0.2608695652173913, 0.4000214885720987, 0.0, 0.9300683059866881
Casa1, 0.0, 0.2608695652173913, 0.1333723360273297, 0.0, 0.6066277929373273
Casa1, 0.0, 0.2608695652173913, 0.06671731940534945, 0.0, 0.2780934076402061
Casa1, 0.0, 0.2608695652173913, 0.40000019374939605, 0.0, 0.02332997185302734
Casa1, 0.0, 0.2608695652173913, 0.39999983209117385, 0.0, 0.9268049329632774
Casa1, 0.0, 0.2608695652173913, 0.4666667623972408, 0.0, 0.4403326123728087
Casa1, 0.0, 0.2608695652173913, 0.5334042767696989, 0.0, 0.7360397589718904
Casa1, 0.0, 0.2608695652173913, 0.400021458139734, 0.0, 0.5989306776114863
Casa1, 0.0, 0.2608695652173913, 0.13333328647613912, 0.0, 0.7934157274844331
Casa1, 0.0, 0.2608695652173913, 0.2000709367345935, 0.0, 0.6926034322783734
Casa1, 0.0, 0.2608695652173913, 0.33335474476354493, 0.0, 0.801042567638261
Casa1, 0.0, 0.2608695652173913, 0.13335435558847836, 0.0, 0.3685524325883331
Casa1, 0.0, 0.2608695652173913, 0.20000047398657478, 0.0, 0.5875888331026226
Casa1, 0.0, 0.2608695652173913, 0.40002145205326106, 0.0, 0.542330993654355
Casa1, 0.0, 0.2608695652173913, 0.6666723713714132, 0.0, 0.7023383207568299
Casa1, 0.0, 0.2608695652173913, 0.4666668360834747, 0.0, 0.6433613645142529
Casa1, 0.0, 0.2608695652173913, 0.4000001173192604, 0.0, 0.5899322305888257
Casa1, 0.0, 0.2608695652173913, 0.1333338414307641, 0.0, 0.434088847586569
Casa1, 0.0, 0.2608695652173913, 0.06666681884179397, 0.0, 0.1202834329245718
Casa1, 0.0, 0.2608695652173913, 0.20002474838722786, 0.0, 0.5588329060197187
Casa1, 0.0, 0.2608695652173913, 0.06675132827135724, 0.0, 0.49832994817577553
Casa1, 0.0, 0.2608695652173913, 0.33333651921943486, 0.0, 0.5881366757223355
Casa1, 0.0, 0.2608695652173913, 6.763528200270814E-5, 0.0, 0.3899403880824586
Casa1, 0.0, 0.2608695652173913, 2.579766522948855E-7, 0.0, 0.001806002794046348
Casa1, 0.0, 0.2608695652173913, 0.33333354273461, 0.0, 0.28656701163569825
Casa1, 0.0, 0.2608695652173913, 0.4000058523732231, 0.0, 0.4887518439272198
Casa1, 0.0, 0.2608695652173913, 0.06670725617067769, 0.0, 0.7105861689600199
Casa1, 0.0, 0.2608695652173913, 0.5333546545041445, 0.0, 0.9698893612642752
Casa1, 0.0, 0.2608695652173913, 2.0866275140648373E-5, 0.0, 0.12434857212509474
Casa1, 0.0, 0.2608695652173913, 0.06666681554911189, 0.0, 0.22492382266062794
Casa1, 0.0, 0.2608695652173913, 1.3345340260855127E-7, 0.0, 0.002775137204775559
Casa1, 0.0, 0.2608695652173913, 0.06670475902054154, 0.0, 0.7047256409059219
Casa1, 0.0, 0.2608695652173913, 0.6000213840444093, 0.0, 0.7490165258835417
Casa1, 0.0, 0.2608695652173913, 0.20000050486794158, 0.0, 0.6030555215879222
Casa1, 0.0, 0.2608695652173913, 4.2440975820377655E-5, 0.0, 0.3038079890052205
Casa1, 0.0, 0.2608695652173913, 0.6000212717938838, 0.0, 0.9584016839348584
Casa1, 0.0, 0.2608695652173913, 0.0667169773655258, 0.0, 0.40075034081907157
Casa1, 0.0, 0.2608695652173913, 0.20008532874864376, 0.0, 0.8895192432536951
Casa1, 0.0, 0.2608695652173913, 0.46666654998582074, 0.0, 0.6741193910236959
Casa1, 0.0, 0.2608695652173913, 0.3333805388866467, 0.0, 0.5205263920093117
Casa1, 0.0, 0.2608695652173913, 0.5333660367074362, 0.0, 0.40538631134575914
Casa1, 0.0, 0.2608695652173913, 0.06670103280198422, 0.0, 0.6641999832724298
Casa1, 0.0, 0.2608695652173913, 0.1333535107161893, 0.0, 0.3755353603535664
Casa1, 0.0, 0.2608695652173913, 0.4000031532719192, 0.0, 0.042246495802110345
Casa1, 0.0, 0.2608695652173913, 0.06668835398039957, 0.0, 0.4003374231549349
Casa1, 0.0, 0.2608695652173913, 0.06666671019575751, 0.0, 0.6204068648876839
Casa1, 0.0, 0.2608695652173913, 0.06675094906413734, 0.0, 0.76935011430343
Casa1, 0.0, 0.2608695652173913, 0.3333333996526068, 0.0, 0.9147121957104375
Casa1, 0.0, 0.2608695652173913, 0.06671164476711405, 0.0, 0.63788775269166
Casa1, 0.0, 0.2608695652173913, 0.0667069999900338, 0.0, 0.3723527485310497
Casa1, 0.0, 0.2608695652173913, 0.20006488952439147, 0.0, 0.7718296940889268
Casa1, 0.0, 0.2608695652173913, 0.06671222053747648, 0.0, 0.6458201763562272
Casa1, 0.0, 0.2608695652173913, 0.33340427827635044, 0.0, 0.6984062640406784
Casa1, 0.0, 0.2608695652173913, 0.4666880124195115, 0.0, 0.9332195576973967
Casa1, 0.0, 0.2608695652173913, 1.4112535186206268E-5, 0.0, 0.11745767538831754
Casa1, 0.0, 0.2608695652173913, 0.06668709358160949, 0.0, 0.34162192092444527
Casa1, 0.0, 0.2608695652173913, 0.06666770896351709, 0.0, 0.16854338733383292
Casa1, 0.0, 0.2608695652173913, 0.13336955336174566, 0.0, 0.596287093395045
Casa1, 0.0, 0.2608695652173913, 0.133364100630327, 0.0, 0.5672038078942963
Casa1, 0.0, 0.2608695652173913, 0.13337581035570767, 0.0, 0.5148735433904363
Casa1, 0.0, 0.2608695652173913, 0.20000053405307822, 0.0, 0.29026619305486223
Casa1, 0.0, 0.2608695652173913, 0.46666744448132325, 0.0, 0.3581716314017315
Casa1, 0.0, 0.2608695652173913, 0.06667000441193108, 0.0, 0.14309006947428216
Casa1, 0.0, 0.2608695652173913, 5.7521709206368654E-5, 0.0, 0.3798462585418952
Casa1, 0.0, 0.2608695652173913, 0.46668798991951727, 0.0, 0.9180594596864198
Casa1, 0.0, 0.2608695652173913, 0.1333339205050232, 0.0, 0.6796457160291065
Casa1, 0.0, 0.2608695652173913, 0.4000007365929376, 0.0, 0.7281724286991674
Casa1, 0.0, 0.2608695652173913, 0.4666879660725167, 0.0, 0.9278023303924156
Casa1, 0.0, 0.2608695652173913, 0.13333670920719107, 0.0, 0.24864116796105756
Casa1, 0.0, 0.2608695652173913, 0.13333336920128425, 0.0, 0.40356191377641903
Casa1, 0.0, 0.2608695652173913, 0.46666684331739744, 0.0, 0.6717205316162452
Casa1, 0.0, 0.2608695652173913, 0.46666686476972014, 0.0, 0.6976293480918851
Casa1, 0.0, 0.2608695652173913, 0.06671697222694618, 0.0, 0.6771446362103474
Casa1, 0.0, 0.2608695652173913, 0.06666668392364673, 0.0, 0.22439285348474117
Casa1, 0.0, 0.2608695652173913, 0.13335145214132882, 0.0, 0.054008793872845406
Casa1, 0.0, 0.2608695652173913, 0.06666681644711608, 0.0, 0.12082093375613322
Casa1, 0.0, 0.2608695652173913, 0.20000049898102512, 0.0, 0.5868877687268746
Casa1, 0.0, 0.2608695652173913, 1.3055983350526307E-7, 0.0, 0.0027775865756535607
Casa1, 0.0, 0.2608695652173913, 0.06668518417522518, 0.0, 0.3887777533723673
Casa1, 0.0, 0.2608695652173913, 6.592677911458386E-5, 0.0, 0.3912676749460156
Casa1, 0.0, 0.2608695652173913, 0.46666639835381973, 0.0, 0.7175937700545644
Casa1, 0.0, 0.2608695652173913, 0.06668888245587391, 0.0, 0.4045233979854393
Casa1, 0.0, 0.2608695652173913, 0.06671221759401826, 0.0, 0.3174508024536339
Casa1, 0.0, 0.2608695652173913, 0.06666994539309919, 0.0, 0.30215357505329044
Casa1, 0.0, 0.2608695652173913, 0.26673710417411534, 0.0, 0.8089901882883648
Casa1, 0.0, 0.2608695652173913, 0.3999998302767065, 0.0, 0.9887446182831298
Casa1, 0.0, 0.2608695652173913, 5.024019222531127E-5, 0.0, 0.2754497172843601
Casa1, 0.0, 0.2608695652173913, 0.20005098757119122, 0.0, 0.5615662569573155
Casa1, 0.0, 0.2608695652173913, 0.06670987150814496, 0.0, 0.7296531604836617
Casa1, 0.0, 0.2608695652173913, 0.20005184157318967, 0.0, 0.5516726165876861
Casa1, 0.0, 0.2608695652173913, 0.3999997938746093, 0.0, 0.5768200379613296
Casa1, 0.0, 0.2608695652173913, 0.06666667079133302, 0.0, 0.6232641920930324
Casa1, 0.0, 0.2608695652173913, 0.20000020219063555, 0.0, 0.3482017475597163
Casa1, 0.0, 0.2608695652173913, 0.13333345923019685, 0.0, 0.7693678042042156
Casa1, 0.0, 0.2608695652173913, 0.4000001257505221, 0.0, 0.46302036190314727
Casa1, 0.0, 0.2608695652173913, 0.2000706681315581, 0.0, 0.6874924117129438
Casa1, 0.0, 0.2608695652173913, 0.2666670638372966, 0.0, 0.5469913272567091
Casa1, 0.0, 0.2608695652173913, 0.13340990787468607, 0.0, 0.4784862257669179
Casa1, 0.0, 0.2608695652173913, 0.4000032189260044, 0.0, 0.6295137156223586
Casa1, 0.0, 0.2608695652173913, 0.4000554888072883, 0.0, 0.5319170824165292
Casa1, 0.0, 0.2608695652173913, 0.06671513735491084, 0.0, 0.5289206853757743
Casa1, 0.0, 0.2608695652173913, 0.2000004156661906, 0.0, 0.5391068024004226
Casa1, 0.0, 0.2608695652173913, 0.06672385662651237, 0.0, 0.3529181091601431
Casa1, 0.0, 0.2608695652173913, 0.13333359891973978, 0.0, 0.006661200178884631
Casa1, 0.0, 0.2608695652173913, 0.3333334650073572, 0.0, 0.4740232025964028
Casa1, 0.0, 0.2608695652173913, 0.5333546515107972, 0.0, 0.958127708194538
Casa1, 0.0, 0.2608695652173913, 0.3999998430627897, 0.0, 0.7326060131532522
Casa1, 0.0, 0.2608695652173913, 0.06666672320833732, 0.0, 0.0806296234120579
Casa1, 0.0, 0.2608695652173913, 0.20000020947444744, 0.0, 0.4928158509740925
Casa1, 0.0, 0.2608695652173913, 0.46668811000263505, 0.0, 0.6621012806584623
Casa1, 0.0, 0.2608695652173913, 0.13335579359254446, 0.0, 0.3837715114500523
Casa1, 0.0, 0.2608695652173913, 0.19999996694246966, 0.0, 0.3143299419924748
Casa1, 0.0, 0.2608695652173913, 0.2667208459077717, 0.0, 0.31918239336040655
Casa1, 0.0, 0.2608695652173913, 0.13338848708194917, 0.0, 0.5871131108476507
Casa1, 0.0, 0.2608695652173913, 0.06671912444368956, 0.0, 0.587098142470063
Casa1, 0.0, 0.2608695652173913, 6.460701226874961E-5, 0.0, 0.3866206740858074
Casa1, 0.0, 0.2608695652173913, 0.20002142871512957, 0.0, 0.9175473942106648
Casa1, 0.0, 0.2608695652173913, 0.06666668831538618, 0.0, 0.24382670633544365
Casa1, 0.0, 0.2608695652173913, 0.06666815302659619, 0.0, 0.18272333965122245
Casa1, 0.0, 0.2608695652173913, 0.5333340312888086, 0.0, 0.7701916092761834
Casa1, 0.0, 0.2608695652173913, 0.1333978004831102, 0.0, 0.6769639270700147
Casa1, 0.0, 0.2608695652173913, 4.7186429149770325E-5, 0.0, 0.2681168451802635
Casa1, 0.0, 0.2608695652173913, 0.13333333189918736, 0.0, 0.20261195902827384
Casa1, 0.0, 0.2608695652173913, 0.06666993701172662, 0.0, 0.22742463032706733
Casa1, 0.0, 0.2608695652173913, 0.46669407589356743, 0.0, 0.3932777919798954
Casa1, 0.0, 0.2608695652173913, 0.06666682383070621, 0.0, 0.12088135157112391
Casa1, 0.0, 0.2608695652173913, 0.46668812372214374, 0.0, 0.6660765034540538
Casa1, 0.0, 0.2608695652173913, 0.4666886767430663, 0.0, 0.7855194592555482
Casa1, 0.0, 0.2608695652173913, 0.4000001694533934, 0.0, 0.8428717913391182
Casa1, 0.0, 0.2608695652173913, 0.40006896964640576, 0.0, 0.3208002763064528
Casa1, 0.0, 0.2608695652173913, 0.13333325907054747, 0.0, 0.2884291131874204
