0 0.08013047,
1 0.40693384,
2 0.25288835,
3 0.22231384,
4 0.58649576,
5 0.42578244,
6 0.31769544,
7 0.43502581,
8 0.57332695,
9 0.41076231,
10 0.34965971,
11 0.64500093,
12 0.5038045,
13 0.43831414,
14 0.65947956,
15 0.25474897,
16 0.26440775,
17 0.81723791,
18 0.49499217,
19 0.45217028,
20 0.48636222,
21 0.43781257,
22 0.56951058,
23 0.41030598,
24 0.54771745,
25 0.69838405,
26 0.39588344,
27 0.52410555,
28 0.58620977,
29 0.60920298,
30 0.31340191,
31 0.4238843,
32 0.42562041,
33 0.5590499,
34 0.69188845,
35 0.72605562,
36 0.57707757,
37 0.62385702,
38 0.22967166,
39 0.37834221,
40 0.25332877,
41 0.4100281,
42 0.56709623,
43 0.35089728,
44 0.51068139,
45 0.77983838,
46 0.42713028,
47 0.67424095,
48 0.27734613,
49 0.56694841,
50 0.65820879,
51 0.40914512,
52 0.44276384,
53 0.8121323,
54 0.67414826,
55 0.74838412,
56 0.61217928,
57 0.4818472,
58 0.69110566,
59 0.53598851,
60 0.34688476,
61 0.55591118,
62 0.44138288,
63 0.50794804,
64 0.38651165,
65 0.52405155,
66 0.26658347,
67 0.44694653,
68 0.48004571,
69 0.43289429,
70 0.76157963,
71 0.7377305,
72 0.39431089,
73 0.61767763,
74 0.73694843,
75 0.53685111,
76 0.40847966,
77 0.37052682,
78 0.41300258,
79 0.86025429,
80 0.17048326,
81 0.49594143,
82 0.75175542,
83 0.37791377,
84 0.59968972,
85 0.58012176,
86 0.5759328,
87 0.31187564,
88 0.32701769,
89 0.19747548,
90 0.06600694,
91 0.11178953,
92 0.35473007,
93 0.4328562,
94 0.66954517,
95 0.35265976,
96 0.65383559,
97 0.09357817,
98 0.23772818,
99 0.20497125,
