Casa1, 0.0,1.336295772E9,1.469968719E10,1639233.19
Casa1, 0.0,1.336295773E9,1.33629578327E9,647022.0
Casa1, 0.0,1.336295774E9,1.33629578551E9,858504.0
Casa1, 0.0,1.336295775E9,695859.0,844928.0
Casa1, 0.0,1.336295776E9,1.336362878E9,883817.0
Casa1, 0.0,1.336295777E9,1.336361436E9,974291.0
Casa1, 0.0,1.336295778E9,737654.0,867858.0
Casa1, 0.0,1.336295779E9,1.336728428E9,1441455.0
Casa1, 0.0,1.33629578E9,2.673025466E9,1311038.0
Casa1, 0.0,1.336295781E9,2.0044449581E10,2943305.27
Casa1, 0.0,1.336295782E9,5.345617364E9,2871001.0
Casa1, 0.0,1.336295783E9,5.34561562E9,3397467.0
Casa1, 0.0,1.336295784E9,1.0690801028E10,2659114.83
Casa1, 0.0,1.336295785E9,1.0690798838E10,3565862.85
Casa1, 0.0,1.336295786E9,4.009321387E9,2901495.0
Casa1, 0.0,1.336295787E9,5.345616104E9,527945.4099999999
Casa1, 0.0,1.336295788E9,4.008899521E9,2629462.0
Casa1, 0.0,1.336295789E9,2.673595845E9,2873574.0
Casa1, 0.0,1.33629579E9,5.34518359438E9,3022407.0
Casa1, 0.0,1.336295791E9,4.00888780627E9,3388995.0
Casa1, 0.0,1.336295792E9,9.354506291E9,2432833.5
Casa1, 0.0,1.336295793E9,9.354503884E9,3373329.54
Casa1, 0.0,1.336295794E9,1.3363393744E10,2573923.36
Casa1, 0.0,1.336295795E9,1.4699687119E10,3590987.0
Casa1, 0.0,1.336295796E9,4.009322487E9,2842723.0
Casa1, 0.0,1.336295797E9,5.345616737E9,1552472.59
Casa1, 0.0,1.336295798E9,6.681914038E9,3058161.16
Casa1, 0.0,1.336295799E9,8.01779379E9,3041541.0
Casa1, 0.0,1.3362958E9,5.345618503E9,2897379.0
Casa1, 0.0,1.336295801E9,6.681499262E9,1955397.53
Casa1, 0.0,1.336295802E9,1.2026772511E10,2242246.4699999997
Casa1, 0.0,1.336295803E9,2.672646873E9,2082507.0
Casa1, 0.0,1.336295804E9,1.336737561E9,676704.62
Casa1, 0.0,1.336295805E9,1.33629632317E9,1897166.0
Casa1, 0.0,1.336295806E9,4.008955157E9,2299890.0
Casa1, 0.0,1.336295807E9,2.672657908E9,2268503.0
Casa1, 0.0,1.336295808E9,1.337209741E9,2373010.0
Casa1, 0.0,1.336295809E9,2.67259162962E9,836059.61
Casa1, 0.0,1.33629581E9,2.672604449E9,2486869.0
Casa1, 0.0,1.336295811E9,4.008954221E9,1991743.04
Casa1, 0.0,1.336295812E9,5.345248867E9,2610369.0
Casa1, 0.0,1.336295813E9,4.008898248E9,1980901.0
Casa1, 0.0,1.336295814E9,8.017787937E9,2660806.0
Casa1, 0.0,1.336295815E9,1.0690372769E10,1625160.0
Casa1, 0.0,1.336295816E9,1.0690374032E10,1656820.92
Casa1, 0.0,1.336295817E9,2.672603013E9,2083292.0
Casa1, 0.0,1.336295818E9,2.672604697E9,2550076.0
Casa1, 0.0,1.336295819E9,1.337139253E9,2300504.0
Casa1, 0.0,1.33629582E9,1.337306408E9,1474877.64
Casa1, 0.0,1.336295821E9,1.337112422E9,2271407.0
Casa1, 0.0,1.336295822E9,1.337304986E9,2488109.0
Casa1, 0.0,1.336295823E9,8.017781199E9,1573592.0
Casa1, 0.0,1.336295824E9,9.354078319E9,2609537.0
Casa1, 0.0,1.336295825E9,1.0690373027E10,1630410.79
Casa1, 0.0,1.336295826E9,1.0690374042E10,2619260.0
Casa1, 0.0,1.336295827E9,8.017781343E9,1679772.0
Casa1, 0.0,1.336295828E9,6.681491299E9,1433692.23
Casa1, 0.0,1.336295829E9,2.672602454E9,1857088.0
Casa1, 0.0,1.33629583E9,6.681491887E9,2524076.0
Casa1, 0.0,1.336295831E9,4.00889909E9,2139952.0
Casa1, 0.0,1.336295832E9,4.008900647E9,2552798.0
Casa1, 0.0,1.336295833E9,2.672603543E9,49264.25
Casa1, 0.0,1.336295834E9,1.33726484E9,1468712.65
Casa1, 0.0,1.336295835E9,1.337121321E9,2264931.0
Casa1, 0.0,1.336295836E9,1.33723004E9,2422374.0
Casa1, 0.0,1.336295837E9,1.337170172E9,2315687.0
Casa1, 0.0,1.336295838E9,2.672602721E9,2006021.0
Casa1, 0.0,1.336295839E9,1.33629655624E9,2128202.0
Casa1, 0.0,1.33629584E9,4.009008566E9,1989903.0
Casa1, 0.0,1.336295841E9,5.345195833E9,2395107.61
Casa1, 0.0,1.336295842E9,5.34518343473E9,1394798.62
Casa1, 0.0,1.336295843E9,5.345249075E9,2710567.0
Casa1, 0.0,1.336295844E9,8.017781401E9,1076483.3599999999
Casa1, 0.0,1.336295845E9,9.354078528E9,2634097.6799999997
Casa1, 0.0,1.336295846E9,6.681490183E9,2015162.97
Casa1, 0.0,1.336295847E9,6.681492219E9,2567105.0
Casa1, 0.0,1.336295848E9,4.008898706E9,2017133.0
Casa1, 0.0,1.336295849E9,4.008900744E9,2552617.0
Casa1, 0.0,1.33629585E9,5.345194472E9,1979908.5699999998
Casa1, 0.0,1.336295851E9,6.68149226E9,1090256.57
Casa1, 0.0,1.336295852E9,5.345194516E9,2009872.0
Casa1, 0.0,1.336295853E9,4.00890061E9,2543826.0
Casa1, 0.0,1.336295854E9,2.672603523E9,1351541.82
Casa1, 0.0,1.336295855E9,2.672604659E9,2534497.0
Casa1, 0.0,1.336295856E9,8.017842967E9,1880741.1600000001
Casa1, 0.0,1.336295857E9,5.345195482E9,2271764.06
Casa1, 0.0,1.336295858E9,6.681489657E9,1719555.0
Casa1, 0.0,1.336295859E9,6.68149159E9,2382811.7800000003
Casa1, 0.0,1.33629586E9,6.68147936778E9,2131083.0
Casa1, 0.0,1.336295861E9,9.35407109295E9,2636735.8200000003
Casa1, 0.0,1.336295862E9,2.67259173577E9,2203217.0
Casa1, 0.0,1.336295863E9,2.672604553E9,2479168.0
Casa1, 0.0,1.336295864E9,2.673381881E9,2219475.0
Casa1, 0.0,1.336295865E9,2.67259258871E9,1404892.43
Casa1, 0.0,1.336295866E9,1.33629672141E9,2290130.0
Casa1, 0.0,1.336295867E9,2.673290725E9,1395363.44
Casa1, 0.0,1.336295868E9,2.673356958E9,2273110.0
Casa1, 0.0,1.336295869E9,2.672602441E9,1869808.0
Casa1, 0.0,1.33629587E9,2.672604042E9,2303218.0
Casa1, 0.0,1.336295871E9,1.0690389883E10,2143248.8
Casa1, 0.0,1.336295872E9,1.6035605352E10,2761155.59
Casa1, 0.0,1.336295873E9,6.681485721E9,1663782.6800000002
Casa1, 0.0,1.336295874E9,9.354078485E9,2389195.0
Casa1, 0.0,1.336295875E9,1.0690370977E10,1556571.0
Casa1, 0.0,1.336295876E9,1.7371901276E10,2753903.93
Casa1, 0.0,1.336295877E9,2.672602991E9,1994646.0
Casa1, 0.0,1.336295878E9,1.0690488602E10,2855306.0
Casa1, 0.0,1.336295879E9,9.354071172279999E9,1081976.65
Casa1, 0.0,1.33629588E9,4.008900621E9,1066557.85
Casa1, 0.0,1.336295881E9,9.354092552E9,2401564.0
Casa1, 0.0,1.336295882E9,8.01779441E9,2715967.0
Casa1, 0.0,1.336295883E9,5.345194279E9,1850832.8199999998
Casa1, 0.0,1.336295884E9,9.354139619E9,2647585.54
Casa1, 0.0,1.336295885E9,6.681545637E9,2039663.21
Casa1, 0.0,1.336295886E9,6.681479443E9,2546418.71
Casa1, 0.0,1.336295887E9,2.672603449E9,2158481.0
Casa1, 0.0,1.336295888E9,2.67259178891E9,1059807.66
Casa1, 0.0,1.336295889E9,9.354092062E9,1316070.47
Casa1, 0.0,1.33629589E9,1.2026682259E10,2726439.0
Casa1, 0.0,1.336295891E9,6.681547053E9,2161057.0
Casa1, 0.0,1.336295892E9,4.008954132E9,2402985.57
Casa1, 0.0,1.336295893E9,1.337021762E9,2134054.0
Casa1, 0.0,1.336295894E9,1.337004186E9,2152798.0
Casa1, 0.0,1.336295895E9,8.017897456E9,2398711.1
Casa1, 0.0,1.336295896E9,9.35409109E9,2540332.0
Casa1, 0.0,1.336295897E9,4.008953678E9,2413889.0
Casa1, 0.0,1.336295898E9,6.68147951025E9,2265575.06
Casa1, 0.0,1.336295899E9,1.337169682E9,1388195.25
Casa1, 0.0,1.3362959E9,6.681498838E9,2069628.0099999998
Casa1, 0.0,1.336295901E9,2.672603947E9,943790.0
Casa1, 0.0,1.336295902E9,2.672602588E9,1904215.0
Casa1, 0.0,1.336295903E9,4.008900136E9,2460870.0
Casa1, 0.0,1.336295904E9,1.069037302E10,1288311.04
Casa1, 0.0,1.336295905E9,1.3363080735E10,2580681.0
Casa1, 0.0,1.336295906E9,5.345202921E9,2077844.0
Casa1, 0.0,1.336295907E9,5.345249401E9,2638496.0
Casa1, 0.0,1.336295908E9,4.00888773537E9,2187114.0
Casa1, 0.0,1.336295909E9,8.01789714E9,1795876.09
Casa1, 0.0,1.33629591E9,5.345249872E9,2398026.68
Casa1, 0.0,1.336295911E9,1.337305089E9,1472522.23
Casa1, 0.0,1.336295912E9,5.345251596E9,979553.1900000001
Casa1, 0.0,1.336295913E9,2.672604935E9,2538803.0
Casa1, 0.0,1.336295914E9,5.34520515E9,2328311.0
Casa1, 0.0,1.336295915E9,8.017794597E9,2675606.1799999997
Casa1, 0.0,1.336295916E9,9.3540714184E9,1859552.18
Casa1, 0.0,1.336295917E9,6.681492192E9,2473599.06
Casa1, 0.0,1.336295918E9,6.681490026E9,1721038.0
Casa1, 0.0,1.336295919E9,1.4699376416E10,2864939.0
Casa1, 0.0,1.33629592E9,6.68147960671E9,1951435.0
Casa1, 0.0,1.336295921E9,6.681545648E9,2291503.25
Casa1, 0.0,1.336295922E9,5.345194619E9,1882229.0
Casa1, 0.0,1.336295923E9,9.354092785E9,2576400.0
Casa1, 0.0,1.336295924E9,6.681498937E9,2227025.05
Casa1, 0.0,1.336295925E9,1.337105098E9,1368177.75
Casa1, 0.0,1.336295926E9,4.008908225E9,1454701.61
Casa1, 0.0,1.336295927E9,9.354193394E9,1275122.01
Casa1, 0.0,1.336295928E9,6.681548135E9,2543925.63
Casa1, 0.0,1.336295929E9,1.33703669E9,2203198.0
Casa1, 0.0,1.33629593E9,5.345183740190001E9,2612251.0
Casa1, 0.0,1.336295931E9,6.681555024E9,2190245.0
Casa1, 0.0,1.336295932E9,5.345302829E9,2608524.0
Casa1, 0.0,1.336295933E9,1.0690716066E10,2668253.9
Casa1, 0.0,1.336295934E9,9.354423937E9,3364564.31
Casa1, 0.0,1.336295935E9,9.354071953029999E9,2523887.0
Casa1, 0.0,1.336295936E9,1.2027100869E10,3585969.95
Casa1, 0.0,1.336295937E9,9.354518743E9,2680143.0
Casa1, 0.0,1.336295938E9,9.354137168E9,3062095.0
Casa1, 0.0,1.336295939E9,8.018235449E9,2863817.62
Casa1, 0.0,1.33629594E9,8.018248429E9,2604108.82
Casa1, 0.0,1.336295941E9,9.354534342E9,2928559.0
Casa1, 0.0,1.336295942E9,1.3363415798E10,3101253.02
Casa1, 0.0,1.336295943E9,8.017844354E9,2313093.33
Casa1, 0.0,1.336295944E9,8.018227409E9,3407203.38
Casa1, 0.0,1.336295945E9,9.35407839E9,1617963.84
Casa1, 0.0,1.336295946E9,8.018224625E9,1569209.97
Casa1, 0.0,1.336295947E9,1.3363409934E10,2340851.1399999997
Casa1, 0.0,1.336295948E9,1.2027110593E10,1636057.1800000002
Casa1, 0.0,1.336295949E9,8.01777570073E9,2119475.0
Casa1, 0.0,1.33629595E9,9.354517651E9,2886322.85
Casa1, 0.0,1.336295951E9,8.017843038E9,155231.07
Casa1, 0.0,1.336295952E9,1.0690811977E10,3474551.0
Casa1, 0.0,1.336295953E9,4.008954813E9,2465136.04
Casa1, 0.0,1.336295954E9,2.672660945E9,913610.32
Casa1, 0.0,1.336295955E9,4.008954529E9,2195874.0
Casa1, 0.0,1.336295956E9,2.673139234E9,2291702.0
Casa1, 0.0,1.336295957E9,2.672659261E9,2483853.0
Casa1, 0.0,1.336295958E9,2.67266104E9,2748780.0
Casa1, 0.0,1.336295959E9,4.009328036E9,3270656.0
Casa1, 0.0,1.33629596E9,2.672659157E9,2386438.55
Casa1, 0.0,1.336295961E9,6.681918763E9,3341404.0
Casa1, 0.0,1.336295962E9,6.681499074E9,998494.47
Casa1, 0.0,1.336295963E9,4.00888832576E9,2315457.19
Casa1, 0.0,1.336295964E9,5.345252017E9,2591123.0
Casa1, 0.0,1.336295965E9,6.681915786E9,3431879.0
Casa1, 0.0,1.336295966E9,6.681499002E9,1750777.75
Casa1, 0.0,1.336295967E9,4.009322599E9,3344798.45
Casa1, 0.0,1.336295968E9,1.3363396137E10,2957055.0
Casa1, 0.0,1.336295969E9,1.4699689235E10,3649966.0
Casa1, 0.0,1.33629597E9,1.4699691553E10,2849959.9
Casa1, 0.0,1.336295971E9,1.0690800852E10,3542587.0
Casa1, 0.0,1.336295972E9,4.009322984E9,1311488.0
Casa1, 0.0,1.336295973E9,1.0690800421E10,3520556.83
Casa1, 0.0,1.336295974E9,1.202709838E10,2752196.0
Casa1, 0.0,1.336295975E9,1.0690800481E10,3563774.0
Casa1, 0.0,1.336295976E9,1.4699689821E10,2798344.95
Casa1, 0.0,1.336295977E9,9.354503406E9,3409128.87
Casa1, 0.0,1.336295978E9,1.069080071E10,2783027.2
Casa1, 0.0,1.336295979E9,4.009319414E9,1549332.0
Casa1, 0.0,1.33629598E9,5.34518398574E9,2741820.0
Casa1, 0.0,1.336295981E9,6.683273898E9,520804.18000000005
Casa1, 0.0,1.336295982E9,9.355377709E9,2790746.0
Casa1, 0.0,1.336295983E9,9.354503183E9,3331792.02
Casa1, 0.0,1.336295984E9,8.017844811E9,2334771.94
Casa1, 0.0,1.336295985E9,6.681910711E9,3155298.0
Casa1, 0.0,1.336295986E9,4.010294599E9,2403409.0
Casa1, 0.0,1.336295987E9,1.06903871E10,2830002.0
Casa1, 0.0,1.336295988E9,2.67412768E9,2687361.0
Casa1, 0.0,1.336295989E9,6.681500229E9,2769560.31
Casa1, 0.0,1.33629599E9,8.017795049E9,1877057.77
Casa1, 0.0,1.336295991E9,2.673278597E9,2574450.0
Casa1, 0.0,1.336295992E9,4.009009468E9,2791660.0
Casa1, 0.0,1.336295993E9,2.673023995E9,1211959.0
Casa1, 0.0,1.336295994E9,6.68148154161E9,3183140.16
Casa1, 0.0,1.336295995E9,6.681912114E9,2895194.0
Casa1, 0.0,1.336295996E9,6.681910891E9,3283542.0
Casa1, 0.0,1.336295997E9,9.35450429E9,2652662.26
Casa1, 0.0,1.336295998E9,6.681909981E9,3420526.0
Casa1, 0.0,1.336295999E9,8.0177764257E9,2401861.18
Casa1, 0.0,1.336296E9,8.01777643039E9,3633056.0
Casa1, 0.0,1.336296001E9,5.345615813E9,2485788.15
Casa1, 0.0,1.336296002E9,1.2027094766E10,3674412.92
Casa1, 0.0,1.336296003E9,1.3363392991E10,2557131.0
Casa1, 0.0,1.336296004E9,1.069079869E10,3427083.53
Casa1, 0.0,1.336296005E9,6.681912463E9,2791615.0
Casa1, 0.0,1.336296006E9,8.01777646676E9,3405464.02
Casa1, 0.0,1.336296007E9,6.681912374E9,2943361.16
Casa1, 0.0,1.336296008E9,6.681911325E9,3378480.85
Casa1, 0.0,1.336296009E9,1.0690801837E10,593377.52
Casa1, 0.0,1.33629601E9,9.354503761E9,3321263.0
Casa1, 0.0,1.336296011E9,8.018209827E9,1992748.01
Casa1, 0.0,1.336296012E9,8.018208097E9,3334714.0
Casa1, 0.0,1.336296013E9,8.018209949E9,2200718.62
Casa1, 0.0,1.336296014E9,8.01777651647E9,3293872.0
Casa1, 0.0,1.336296015E9,5.345617634E9,2759791.32
Casa1, 0.0,1.336296016E9,2.672604426E9,2718109.39
Casa1, 0.0,1.336296017E9,2.672603379E9,2405842.0
Casa1, 0.0,1.336296018E9,1.33711015E9,2650954.0
Casa1, 0.0,1.336296019E9,1.33781659E9,2534371.0
Casa1, 0.0,1.33629602E9,1.337067333E9,887655.2
Casa1, 0.0,1.336296021E9,1.337051243E9,2530416.0
Casa1, 0.0,1.336296022E9,696107.0,841943.0
Casa1, 0.0,1.336296023E9,2.673024332E9,3197310.0
Casa1, 0.0,1.336296024E9,2.673025354E9,1311441.63
Casa1, 0.0,1.336296025E9,4.0088885070299997E9,3324053.0
Casa1, 0.0,1.336296026E9,4.009321372E9,3039307.0
Casa1, 0.0,1.336296027E9,4.010673616E9,2370030.59
Casa1, 0.0,1.336296028E9,9.354506354E9,2586142.0
Casa1, 0.0,1.336296029E9,6.681912409E9,3320733.0
Casa1, 0.0,1.33629603E9,1.0690803099E10,2334555.0
Casa1, 0.0,1.336296031E9,1.202709613E10,3521563.53
Casa1, 0.0,1.336296032E9,9.354506566E9,2447440.11
Casa1, 0.0,1.336296033E9,9.354504335E9,3429034.0
Casa1, 0.0,1.336296034E9,6.681913612E9,2780857.97
Casa1, 0.0,1.336296035E9,8.018208131E9,2399914.45
Casa1, 0.0,1.336296036E9,4.009321501E9,3062414.0
Casa1, 0.0,1.336296037E9,2.672605119E9,2914571.0
Casa1, 0.0,1.336296038E9,2.67259208785E9,2585851.0
Casa1, 0.0,1.336296039E9,4.009320293E9,2376899.0300000003
Casa1, 0.0,1.33629604E9,5.345617612E9,3005298.24
Casa1, 0.0,1.336296041E9,4.008901044E9,2915234.0
Casa1, 0.0,1.336296042E9,8.01777668668E9,2691897.0
Casa1, 0.0,1.336296043E9,6.68148064841E9,3278599.0
Casa1, 0.0,1.336296044E9,8.01777669927E9,1982108.54
Casa1, 0.0,1.336296045E9,9.354506559E9,1821131.64
Casa1, 0.0,1.336296046E9,4.009360899E9,2210347.0
Casa1, 0.0,1.336296047E9,8.01777671574E9,2327881.62
Casa1, 0.0,1.336296048E9,2.672603462E9,1595021.67
Casa1, 0.0,1.336296049E9,2.672604629E9,2779298.0
Casa1, 0.0,1.33629605E9,1.336985489E9,2440545.0
Casa1, 0.0,1.336296051E9,1.337060179E9,2589453.0
Casa1, 0.0,1.336296052E9,1.337110233E9,2610987.0
Casa1, 0.0,1.336296053E9,2.67259233824E9,2915337.0
Casa1, 0.0,1.336296054E9,1.336351057E9,71646.44
Casa1, 0.0,1.336296055E9,2.673384841E9,1452960.77
Casa1, 0.0,1.336296056E9,2.673540749E9,2491734.0
Casa1, 0.0,1.336296057E9,4.008899417E9,2159044.0
Casa1, 0.0,1.336296058E9,2.672605047E9,2497299.0
Casa1, 0.0,1.336296059E9,8.017782842E9,1772835.0
Casa1, 0.0,1.33629606E9,4.008900311E9,2295104.56
Casa1, 0.0,1.336296061E9,4.008898259E9,1567818.0
Casa1, 0.0,1.336296062E9,8.017783973E9,2487264.65
Casa1, 0.0,1.336296063E9,8.017782854E9,1640190.0
Casa1, 0.0,1.336296064E9,8.017784121E9,2558352.9299999997
Casa1, 0.0,1.336296065E9,2.672603623E9,2078808.99
Casa1, 0.0,1.336296066E9,4.008901126E9,2496216.26
Casa1, 0.0,1.336296067E9,2.673375065E9,2229001.0
Casa1, 0.0,1.336296068E9,1.33730478E9,2484851.0
Casa1, 0.0,1.336296069E9,2.672603746E9,2140531.0
Casa1, 0.0,1.33629607E9,1.337195534E9,1420932.5
Casa1, 0.0,1.336296071E9,1.0690374495E10,639427.0
Casa1, 0.0,1.336296072E9,9.354079856E9,2324523.66
Casa1, 0.0,1.336296073E9,8.017782621E9,1169107.0
Casa1, 0.0,1.336296074E9,9.354080012E9,2468178.6
Casa1, 0.0,1.336296075E9,6.68148038568E9,1139102.15
Casa1, 0.0,1.336296076E9,6.681493384E9,2565503.0
Casa1, 0.0,1.336296077E9,4.008899485E9,2036054.0
Casa1, 0.0,1.336296078E9,5.345197239E9,2548417.0
Casa1, 0.0,1.336296079E9,4.008900036E9,2215875.0
Casa1, 0.0,1.33629608E9,1.337170929E9,2350659.0
Casa1, 0.0,1.336296081E9,2.672603466E9,848276.81
Casa1, 0.0,1.336296082E9,2.672604577E9,2418823.0
Casa1, 0.0,1.336296083E9,2.673383069E9,2306232.0
Casa1, 0.0,1.336296084E9,1.337069629E9,1341334.52
Casa1, 0.0,1.336296085E9,1.33629690969E9,2257082.0
Casa1, 0.0,1.336296086E9,1.33711132E9,2280631.0
Casa1, 0.0,1.336296087E9,2.673508175E9,2454625.0
Casa1, 0.0,1.336296088E9,5.345195075E9,1275456.78
Casa1, 0.0,1.336296089E9,4.008900384E9,1468215.1
Casa1, 0.0,1.33629609E9,2.672603285E9,813679.98
Casa1, 0.0,1.336296091E9,2.672605105E9,1064625.42
Casa1, 0.0,1.336296092E9,4.008899434E9,2022201.0
Casa1, 0.0,1.336296093E9,5.34519725E9,2542914.0
Casa1, 0.0,1.336296094E9,4.008899918E9,2156468.0
Casa1, 0.0,1.336296095E9,2.672605179E9,2531331.0
Casa1, 0.0,1.336296096E9,2.672603395E9,1978192.88
Casa1, 0.0,1.336296097E9,2.672605143E9,2532278.0
Casa1, 0.0,1.336296098E9,9.354079051E9,1438350.57
Casa1, 0.0,1.336296099E9,1.06903687997E10,2687297.0
Casa1, 0.0,1.3362961E9,9.354079038E9,607212.5700000001
Casa1, 0.0,1.336296101E9,9.354080442E9,2563378.29
Casa1, 0.0,1.336296102E9,9.354079179E9,1667082.11
Casa1, 0.0,1.336296103E9,9.354072728720001E9,2566472.62
Casa1, 0.0,1.336296104E9,6.681491373E9,1197205.71
Casa1, 0.0,1.336296105E9,6.681493548E9,1091796.83
Casa1, 0.0,1.336296106E9,6.681491604E9,1995125.94
Casa1, 0.0,1.336296107E9,1422699.0,1474588.0
Casa1, 0.0,1.336296108E9,1088367.0,1254596.0
Casa1, 0.0,1.336296109E9,1355712.0,1432802.0
Casa1, 0.0,1.33629611E9,4.00888925358E9,1154978.0
Casa1, 0.0,1.336296111E9,4.010202645E9,1431776.0
Casa1, 0.0,1.336296112E9,2.673245341E9,2046737.0
Casa1, 0.0,1.336296113E9,1.337569607E9,2303542.0
Casa1, 0.0,1.336296114E9,1.337410688E9,2139889.0
Casa1, 0.0,1.336296115E9,1.337594076E9,2332076.0
Casa1, 0.0,1.336296116E9,1.337486078E9,2235145.0
Casa1, 0.0,1.336296117E9,1.337526664E9,2250177.0
Casa1, 0.0,1.336296118E9,1.337543719E9,2305789.0
Casa1, 0.0,1.336296119E9,1.337435391E9,2132.74
Casa1, 0.0,1.33629612E9,1.33629732587E9,2255507.0
Casa1, 0.0,1.336296121E9,2.672602739E9,1764590.0
Casa1, 0.0,1.336296122E9,2.673726867E9,2215999.0
Casa1, 0.0,1.336296123E9,2.673483577E9,1822392.0
Casa1, 0.0,1.336296124E9,8.019162291E9,1178752.68
Casa1, 0.0,1.336296125E9,4.009972449E9,2133194.0
Casa1, 0.0,1.336296126E9,4.0088898029300003E9,2546778.0
Casa1, 0.0,1.336296127E9,5.346174966E9,2007945.0
Casa1, 0.0,1.336296128E9,2.672605207E9,1065536.97
Casa1, 0.0,1.336296129E9,2.673657882E9,2100228.0
Casa1, 0.0,1.33629613E9,2.674012778E9,2487491.31
Casa1, 0.0,1.336296131E9,6.682429403E9,1912628.9
Casa1, 0.0,1.336296132E9,6.682902818E9,2560970.0
Casa1, 0.0,1.336296133E9,1.06903695898E10,1183802.32
Casa1, 0.0,1.336296134E9,9.355493511E9,2545841.37
Casa1, 0.0,1.336296135E9,9.354721E9,982698.96
Casa1, 0.0,1.336296136E9,9.355500285E9,1085512.44
Casa1, 0.0,1.336296137E9,6.682448979E9,1945622.97
Casa1, 0.0,1.336296138E9,6.682905246E9,2566233.0
Casa1, 0.0,1.336296139E9,2.673698804E9,2157296.0
Casa1, 0.0,1.33629614E9,2.674013497E9,2488576.3
Casa1, 0.0,1.336296141E9,2.673688201E9,2142871.0
Casa1, 0.0,1.336296142E9,4.01030642E9,2526131.0
Casa1, 0.0,1.336296143E9,4.009893551E9,2036089.0
Casa1, 0.0,1.336296144E9,2.673820032E9,2252093.0
Casa1, 0.0,1.336296145E9,1.337268207E9,1943473.0
Casa1, 0.0,1.336296146E9,1.33744298E9,1296766.86
Casa1, 0.0,1.336296147E9,1.337277201E9,1959398.0
Casa1, 0.0,1.336296148E9,1.337050476E9,2210703.0
Casa1, 0.0,1.336296149E9,1.337468731E9,2216478.0
Casa1, 0.0,1.33629615E9,1.337526029E9,898748.59
Casa1, 0.0,1.336296151E9,1.337551686E9,2316325.0
Casa1, 0.0,1.336296152E9,2.673588827E9,1982517.0
Casa1, 0.0,1.336296153E9,1.337446618E9,2188164.0
Casa1, 0.0,1.336296154E9,2.672602896E9,738915.93
Casa1, 0.0,1.336296155E9,4.01011709E9,2425767.0
Casa1, 0.0,1.336296156E9,4.009852817E9,873791.8
Casa1, 0.0,1.336296157E9,5.346587391E9,2623353.0
Casa1, 0.0,1.336296158E9,4.009929052E9,2027072.99
Casa1, 0.0,1.336296159E9,4.010311804E9,2544911.0
Casa1, 0.0,1.33629616E9,2.6725933930699997E9,869114.95
Casa1, 0.0,1.336296161E9,2.674014691E9,2537914.0
Casa1, 0.0,1.336296162E9,8.017783388E9,1754213.0
Casa1, 0.0,1.336296163E9,8.019200394E9,85992.65
Casa1, 0.0,1.336296164E9,8.018476697E9,1541576.0
Casa1, 0.0,1.336296165E9,8.019201599E9,2578769.0
Casa1, 0.0,1.336296166E9,1.0691028631E10,1489556.7
Casa1, 0.0,1.336296167E9,1.0691795132E10,2704514.0
Casa1, 0.0,1.336296168E9,6.6814808507E9,1876544.0
Casa1, 0.0,1.336296169E9,6.681493807E9,2568214.0
Casa1, 0.0,1.33629617E9,4.00888852119E9,2018202.0
Casa1, 0.0,1.336296171E9,4.008901357E9,2531863.0
Casa1, 0.0,1.336296172E9,8.018568849E9,1740952.0
Casa1, 0.0,1.336296173E9,8.019201339E9,2531042.38
Casa1, 0.0,1.336296174E9,2.673674427E9,2125447.0
Casa1, 0.0,1.336296175E9,4.010293352E9,2508826.0
Casa1, 0.0,1.336296176E9,4.009911934E9,2063426.31
Casa1, 0.0,1.336296177E9,5.346606131E9,2534980.35
Casa1, 0.0,1.336296178E9,2.673699013E9,2165446.0
Casa1, 0.0,1.336296179E9,1.337601473E9,2339172.0
Casa1, 0.0,1.33629618E9,1.337335569E9,2039579.0
Casa1, 0.0,1.336296181E9,1.33629728726E9,2089547.0
Casa1, 0.0,1.336296182E9,1.33629721552E9,2033118.0
Casa1, 0.0,1.336296183E9,1.337270649E9,1904114.0
Casa1, 0.0,1.336296184E9,1.33713969E9,1750190.0
Casa1, 0.0,1.336296185E9,1.33629706079E9,663695.36
Casa1, 0.0,1.336296186E9,4.01006974E9,2371207.0
Casa1, 0.0,1.336296187E9,1.337386764E9,2072129.0
Casa1, 0.0,1.336296188E9,2.672605238E9,2499666.0
Casa1, 0.0,1.336296189E9,2.673750176E9,2224217.0
Casa1, 0.0,1.33629619E9,4.010311488E9,2543512.0
Casa1, 0.0,1.336296191E9,1.337502842E9,2236286.0
Casa1, 0.0,1.336296192E9,2.674031876E9,1582205.62
Casa1, 0.0,1.336296193E9,4.00888965648E9,2081484.75
Casa1, 0.0,1.336296194E9,4.00889006467E9,2594431.3200000003
Casa1, 0.0,1.336296195E9,1.0691559018E10,3242754.0
Casa1, 0.0,1.336296196E9,9.355705449E9,2782328.76
Casa1, 0.0,1.336296197E9,9.355094367E9,2213079.8899999997
Casa1, 0.0,1.336296198E9,1.0692180246E10,2473677.78
Casa1, 0.0,1.336296199E9,1.0691449916E10,2377026.09
Casa1, 0.0,1.3362962E9,1.0692186704E10,3489686.43
Casa1, 0.0,1.336296201E9,6.68148240109E9,2887395.0
Casa1, 0.0,1.336296202E9,6.68148147475E9,2949251.4299999997
Casa1, 0.0,1.336296203E9,5.346631138E9,2948733.0
Casa1, 0.0,1.336296204E9,4.009343019E9,3379531.2800000003
Casa1, 0.0,1.336296205E9,5.34518616132E9,2305762.0
Casa1, 0.0,1.336296206E9,8.019587921E9,2434786.83
Casa1, 0.0,1.336296207E9,8.018892075E9,1954483.0
Casa1, 0.0,1.336296208E9,8.01934737E9,1425763.75
Casa1, 0.0,1.336296209E9,6.682510493E9,1772252.0
Casa1, 0.0,1.33629621E9,8.019307623E9,3066690.0
Casa1, 0.0,1.336296211E9,1.336877096E9,1518666.38
Casa1, 0.0,1.336296212E9,8.019579523E9,3395172.35
Casa1, 0.0,1.336296213E9,2.67411131E9,2534782.0
Casa1, 0.0,1.336296214E9,5.346990967E9,3407584.81
Casa1, 0.0,1.336296215E9,1.337901199E9,2624411.0
Casa1, 0.0,1.336296216E9,1.337741899E9,2382484.0
Casa1, 0.0,1.336296217E9,2.674051211E9,2925209.0
Casa1, 0.0,1.336296218E9,1.337614516E9,2188934.0
Casa1, 0.0,1.336296219E9,1.337658243E9,2301706.0
Casa1, 0.0,1.33629622E9,2.673743965E9,1944394.0
Casa1, 0.0,1.336296221E9,5.345188865E9,3109362.0
Casa1, 0.0,1.336296222E9,1.33697774E9,2461.23
Casa1, 0.0,1.336296223E9,6.683280889E9,3404175.62
Casa1, 0.0,1.336296224E9,1.069163286E10,2757953.0
Casa1, 0.0,1.336296225E9,4.010621204E9,3329005.0
Casa1, 0.0,1.336296226E9,2.6725937616800003E9,2246878.0
Casa1, 0.0,1.336296227E9,8.019577008E9,3414192.78
Casa1, 0.0,1.336296228E9,2.67259394762E9,2520229.0
Casa1, 0.0,1.336296229E9,4.010685223E9,3388549.0
Casa1, 0.0,1.33629623E9,2.674146133E9,2605448.0
Casa1, 0.0,1.336296231E9,2.673026099E9,3337091.0
Casa1, 0.0,1.336296232E9,5.346598436E9,2972564.0
Casa1, 0.0,1.336296233E9,6.683273948E9,2468984.43
Casa1, 0.0,1.336296234E9,4.010375574E9,2519641.0
Casa1, 0.0,1.336296235E9,4.00889049721E9,3380781.0
Casa1, 0.0,1.336296236E9,4.010110836E9,1184403.37
Casa1, 0.0,1.336296237E9,8.017783163E9,3393738.8600000003
Casa1, 0.0,1.336296238E9,4.010259782E9,2772426.96
Casa1, 0.0,1.336296239E9,5.345188222E9,3386403.0
Casa1, 0.0,1.33629624E9,8.01777744462E9,2715487.59
Casa1, 0.0,1.336296241E9,5.345188566E9,3182573.22
Casa1, 0.0,1.336296242E9,6.682718626E9,2181013.0
Casa1, 0.0,1.336296243E9,4.010600284E9,3268461.0
Casa1, 0.0,1.336296244E9,2.673946825E9,2343069.0
Casa1, 0.0,1.336296245E9,4.009319443E9,3371448.0
Casa1, 0.0,1.336296246E9,2.674088147E9,2543004.0
Casa1, 0.0,1.336296247E9,1.337972791E9,933618.51
Casa1, 0.0,1.336296248E9,2.674128172E9,1758155.97
Casa1, 0.0,1.336296249E9,2.674102356E9,930823.35
Casa1, 0.0,1.33629625E9,1.337768455E9,2469289.0
Casa1, 0.0,1.336296251E9,1.337715262E9,1572746.69
Casa1, 0.0,1.336296252E9,1.337721074E9,2402449.0
Casa1, 0.0,1.336296253E9,1.337574904E9,2130537.0
Casa1, 0.0,1.336296254E9,4.01038251E9,2640512.0
Casa1, 0.0,1.336296255E9,5.345617819E9,2047462.1099999999
Casa1, 0.0,1.336296256E9,4.010584555E9,3283877.0
Casa1, 0.0,1.336296257E9,4.010295609E9,2402589.0
Casa1, 0.0,1.336296258E9,4.010687631E9,1064203.28
Casa1, 0.0,1.336296259E9,4.010410283E9,3037948.0
Casa1, 0.0,1.33629626E9,6.681484523E9,3361030.31
Casa1, 0.0,1.336296261E9,6.681485846E9,1272312.5
Casa1, 0.0,1.336296262E9,2.674098693E9,2664115.0
Casa1, 0.0,1.336296263E9,1.0690374063E10,2045712.0
Casa1, 0.0,1.336296264E9,1.2026671835E10,3336945.21
Casa1, 0.0,1.336296265E9,9.354077977E9,2299630.0
Casa1, 0.0,1.336296266E9,1.0690375879E10,3373499.94
Casa1, 0.0,1.336296267E9,8.017782269E9,2029626.5100000002
Casa1, 0.0,1.336296268E9,6.683186403E9,3392633.56
Casa1, 0.0,1.336296269E9,1.0691637454E10,3014151.0
Casa1, 0.0,1.33629627E9,5.345186349E9,3357454.0
Casa1, 0.0,1.336296271E9,1.0690372709E10,1480730.95
Casa1, 0.0,1.336296272E9,8.019457301E9,3410692.59
Casa1, 0.0,1.336296273E9,1.6035559585E10,2774982.0
Casa1, 0.0,1.336296274E9,9.354079656E9,3373109.65
Casa1, 0.0,1.336296275E9,5.345187405E9,1280679.3900000001
Casa1, 0.0,1.336296276E9,4.010463009E9,3189350.0
Casa1, 0.0,1.336296277E9,8.017782184E9,2167654.6100000003
Casa1, 0.0,1.336296278E9,9.354079688E9,3412632.79
Casa1, 0.0,1.336296279E9,5.345189465E9,2930165.0
Casa1, 0.0,1.33629628E9,1.337837978E9,2627575.0
Casa1, 0.0,1.336296281E9,1.33762223E9,2370188.0
Casa1, 0.0,1.336296282E9,1.337162656E9,2681047.0
Casa1, 0.0,1.336296283E9,2.672597188E9,2446267.0
Casa1, 0.0,1.336296284E9,1.337629117E9,2340398.0
Casa1, 0.0,1.336296285E9,1.337638443E9,2394892.0
Casa1, 0.0,1.336296286E9,4.01002443E9,2165009.0
Casa1, 0.0,1.336296287E9,4.010283306E9,2606587.0
Casa1, 0.0,1.336296288E9,1.337531329E9,1467000.77
Casa1, 0.0,1.336296289E9,4.010475385E9,3240463.0
Casa1, 0.0,1.33629629E9,4.010239383E9,2413580.51
Casa1, 0.0,1.336296291E9,4.010448309E9,3204838.0
Casa1, 0.0,1.336296292E9,6.681486772E9,2412429.0
Casa1, 0.0,1.336296293E9,1.0690375923E10,3436912.0
Casa1, 0.0,1.336296294E9,8.017782307E9,2633495.16
Casa1, 0.0,1.336296295E9,8.017783519E9,3383991.0
Casa1, 0.0,1.336296296E9,2.674059348E9,3018600.0
Casa1, 0.0,1.336296297E9,1.337986033E9,2826910.0
Casa1, 0.0,1.336296298E9,2.672596937E9,2568368.0
Casa1, 0.0,1.336296299E9,2.672595801E9,2826975.0
Casa1, 0.0,1.3362963E9,1.2026670445E10,1410436.42
Casa1, 0.0,1.336296301E9,1.3362968716E10,3422025.04
Casa1, 0.0,1.336296302E9,9.354078292E9,2349524.0
Casa1, 0.0,1.336296303E9,9.354079867E9,2363975.31
Casa1, 0.0,1.336296304E9,9.35407413233E9,2476993.0
Casa1, 0.0,1.336296305E9,9.354079892E9,1907837.1
Casa1, 0.0,1.336296306E9,9.354078455E9,2449734.54
Casa1, 0.0,1.336296307E9,9.354079893E9,3386472.45
Casa1, 0.0,1.336296308E9,4.010190591E9,2836021.0
Casa1, 0.0,1.336296309E9,5.345188452E9,3334371.0
Casa1, 0.0,1.33629631E9,9.354078388E9,2420973.0
Casa1, 0.0,1.336296311E9,8.017783229E9,3097059.0
Casa1, 0.0,1.336296312E9,8.017782178E9,1155936.95
Casa1, 0.0,1.336296313E9,6.681487083E9,1466563.03
Casa1, 0.0,1.336296314E9,2.672937723E9,1250185.63
Casa1, 0.0,1.336296315E9,5.346505813E9,2576638.0
Casa1, 0.0,1.336296316E9,2.672597158E9,1305792.04
Casa1, 0.0,1.336296317E9,1.3371982E9,2343863.0
Casa1, 0.0,1.336296318E9,1.33629742407E9,2221498.0
Casa1, 0.0,1.336296319E9,1.337299096E9,2054869.0
Casa1, 0.0,1.33629632E9,2.673319288E9,2191005.0
Casa1, 0.0,1.336296321E9,1.336870875E9,1930300.0
Casa1, 0.0,1.336296322E9,1.337380685E9,2197760.0
Casa1, 0.0,1.336296323E9,2.673209991E9,2084141.0
Casa1, 0.0,1.336296324E9,2.673852241E9,2451116.0
Casa1, 0.0,1.336296325E9,4.00888897976E9,2020337.0
Casa1, 0.0,1.336296326E9,2.673885486E9,2487445.0
Casa1, 0.0,1.336296327E9,2.673444706E9,1891858.0
Casa1, 0.0,1.336296328E9,4.008901896E9,2494802.48
Casa1, 0.0,1.336296329E9,5.345189591E9,1786195.0
Casa1, 0.0,1.33629633E9,8.017783505E9,2528228.73
Casa1, 0.0,1.336296331E9,6.681486117E9,1936878.0
Casa1, 0.0,1.336296332E9,6.681487206E9,2514341.87
Casa1, 0.0,1.336296333E9,6.681486064E9,1149800.68
Casa1, 0.0,1.336296334E9,5.345190887E9,2503518.3899999997
Casa1, 0.0,1.336296335E9,2.673543262E9,2004484.12
Casa1, 0.0,1.336296336E9,4.008892449E9,1071386.11
Casa1, 0.0,1.336296337E9,4.008893628E9,1282997.49
Casa1, 0.0,1.336296338E9,2.67390778E9,2495239.0
Casa1, 0.0,1.336296339E9,2.67350191E9,1992686.0
Casa1, 0.0,1.33629634E9,2.67259399642E9,1482853.11
Casa1, 0.0,1.336296341E9,8.017782273E9,1765284.91
Casa1, 0.0,1.336296342E9,8.017783583E9,2534754.0
Casa1, 0.0,1.336296343E9,4.008893801E9,1239681.86
Casa1, 0.0,1.336296344E9,1.337495867E9,2299960.0
Casa1, 0.0,1.336296345E9,6.681485833E9,1741756.98
Casa1, 0.0,1.336296346E9,2.67362699E9,2143138.0
Casa1, 0.0,1.336296347E9,1.33704828E9,1733456.0
Casa1, 0.0,1.336296348E9,6.681487062E9,1436657.0
Casa1, 0.0,1.336296349E9,2.672597393E9,2083961.17
Casa1, 0.0,1.33629635E9,2.673701248E9,2283911.0
Casa1, 0.0,1.336296351E9,1.3362970605E9,2073344.0
Casa1, 0.0,1.336296352E9,1.337494687E9,2298542.0
Casa1, 0.0,1.336296353E9,1.337407724E9,2229204.0
Casa1, 0.0,1.336296354E9,1.33629736674E9,2066143.0
Casa1, 0.0,1.336296355E9,1.337441022E9,2269045.0
Casa1, 0.0,1.336296356E9,1.337021037E9,2131230.0
Casa1, 0.0,1.336296357E9,1.33629751125E9,2279631.0
Casa1, 0.0,1.336296358E9,4.009866912E9,2159893.0
Casa1, 0.0,1.336296359E9,4.010119608E9,2507349.0
Casa1, 0.0,1.33629636E9,2.673427448E9,1862441.0
Casa1, 0.0,1.336296361E9,2.673841206E9,1044413.07
Casa1, 0.0,1.336296362E9,4.008894115E9,1810808.93
Casa1, 0.0,1.336296363E9,5.345189178E9,2513793.0
Casa1, 0.0,1.336296364E9,9.354078702E9,1783401.69
Casa1, 0.0,1.336296365E9,8.017783704E9,2536493.0
Casa1, 0.0,1.336296366E9,2.673584461E9,2105569.0
Casa1, 0.0,1.336296367E9,2.673908942E9,1064621.61
Casa1, 0.0,1.336296368E9,8.017782353E9,1701328.0
Casa1, 0.0,1.336296369E9,8.017783716E9,85723.95
Casa1, 0.0,1.33629637E9,6.681486134E9,1816325.0
Casa1, 0.0,1.336296371E9,8.017783754E9,2535406.0
Casa1, 0.0,1.336296372E9,8.017782286E9,1031239.48
Casa1, 0.0,1.336296373E9,8.017783794E9,2537244.0
Casa1, 0.0,1.336296374E9,6.681486225E9,1871417.0
Casa1, 0.0,1.336296375E9,6.681487399E9,2522393.0
Casa1, 0.0,1.336296376E9,8.017782522E9,764523.19
Casa1, 0.0,1.336296377E9,6.681487384E9,2499275.0
Casa1, 0.0,1.336296378E9,8.017782319E9,85445.97
Casa1, 0.0,1.336296379E9,6.681487391E9,1052965.53
Casa1, 0.0,1.33629638E9,6.681486238E9,1909687.56
Casa1, 0.0,1.336296381E9,6.681487413E9,2513802.42
Casa1, 0.0,1.336296382E9,4.00889358E9,871177.57
Casa1, 0.0,1.336296383E9,2.672605302E9,2364079.39
Casa1, 0.0,1.336296384E9,1.337274276E9,2059256.0
Casa1, 0.0,1.336296386E9,1.337333477E9,2135130.0
Casa1, 0.0,1.336296387E9,1035193.0,1251478.0
Casa1, 0.0,1.336296389E9,1.33629737509E9,2032686.0
Casa1, 0.0,1.33629639E9,1.337211823E9,1974997.0
Casa1, 0.0,1.336296392E9,1.33722422E9,1992806.0
Casa1, 0.0,1.336296394E9,2.673770575E9,1397579.07
Casa1, 0.0,1.336296396E9,1.337507152E9,2349590.0
Casa1, 0.0,1.336296397E9,4.009733223E9,1247354.51
Casa1, 0.0,1.336296399E9,1.337322263E9,859742.17
Casa1, 0.0,1.336296401E9,2.673492464E9,1160231.64
Casa1, 0.0,1.336296402E9,2.673908035E9,2496569.0
Casa1, 0.0,1.336296406E9,1.336362359E9,1110237.0
Casa1, 0.0,1.336296407E9,742996.0,1025493.0
Casa1, 0.0,1.336296408E9,4.008953948E9,24461.73
Casa1, 0.0,1.336296409E9,966.91,1203667.0
Casa1, 0.0,1.33629641E9,1011583.0,1016628.0
Casa1, 0.0,1.336296411E9,9.354625874E9,1445065.0
Casa1, 0.0,1.336296413E9,1.33629697406E9,847254.62
Casa1, 0.0,1.336296415E9,2.673355005E9,1050658.8199999998
Casa1, 0.0,1.336296417E9,1.337209682E9,1166445.33
Casa1, 0.0,1.336296418E9,4.008892636E9,2504978.0
Casa1, 0.0,1.33629642E9,1.337611336E9,2439401.0
Casa1, 0.0,1.336296422E9,2.67260473E9,2186100.0
Casa1, 0.0,1.336296424E9,1.336988605E9,2088354.0
Casa1, 0.0,1.336296426E9,1.337131528E9,1817846.0
Casa1, 0.0,1.336296427E9,1.337231715E9,2003228.0
Casa1, 0.0,1.336296429E9,1.337348126E9,2157241.0
Casa1, 0.0,1.336296431E9,2.673886508E9,2489160.0
Casa1, 0.0,1.336296433E9,1.33629774976E9,1019162.39
Casa1, 0.0,1.336296435E9,1.337611308E9,2448237.0
Casa1, 0.0,1.33629644E9,4.009514915E9,1538953.0
Casa1, 0.0,1.336296442E9,725359.0,1008761.0
Casa1, 0.0,1.336296443E9,9.354080655E9,1220630.8599999999
Casa1, 0.0,1.336296444E9,898087.0,1155706.0
Casa1, 0.0,1.336296445E9,116.89,121717.0
Casa1, 0.0,1.336296446E9,1.337682728E9,1699919.0
Casa1, 0.0,1.336296447E9,1.336667812E9,1428530.0
Casa1, 0.0,1.336296448E9,1283043.0,1508579.0
Casa1, 0.0,1.336296449E9,1.336741942E9,1486386.0
Casa1, 0.0,1.33629645E9,1141181.0,1380545.0
Casa1, 0.0,1.336296451E9,2.673043481E9,1410135.0
Casa1, 0.0,1.336296452E9,1152991.0,1395712.0
Casa1, 0.0,1.336296453E9,1.336763682E9,1428117.0
Casa1, 0.0,1.336296454E9,1301849.0,1527047.0
Casa1, 0.0,1.336296455E9,1.336752693E9,859922.94
Casa1, 0.0,1.336296456E9,2.673889678E9,2810765.0
Casa1, 0.0,1.336296457E9,1.336299945E9,1734555.0
Casa1, 0.0,1.336296458E9,1.336747643E9,1380219.0
Casa1, 0.0,1.336296459E9,1644209.0,1792405.0
Casa1, 0.0,1.33629646E9,1.336744816E9,925581.8
Casa1, 0.0,1.336296461E9,1488998.0,1675585.0
Casa1, 0.0,1.336296462E9,1.33674294E9,1438241.0
Casa1, 0.0,1.336296463E9,1338666.0,1555.98
Casa1, 0.0,1.336296464E9,860.02,936473.0
Casa1, 0.0,1.336296465E9,4.010077921E9,2162132.0
Casa1, 0.0,1.336296467E9,2.673662775E9,1901936.75
Casa1, 0.0,1.336296469E9,2.673812492E9,2652216.0
Casa1, 0.0,1.33629647E9,1680962.0,1816942.0
Casa1, 0.0,1.336296471E9,1.336302038E9,525564.0
Casa1, 0.0,1.336296472E9,4.008895042E9,26268.51
Casa1, 0.0,1.336296473E9,1.336737594E9,1171968.0
Casa1, 0.0,1.336296474E9,4.010593006E9,3372747.0
Casa1, 0.0,1.336296476E9,2.674291886E9,3316553.0
Casa1, 0.0,1.336296478E9,1.337993634E9,1831070.0
Casa1, 0.0,1.336296479E9,980019.0,1218462.0
Casa1, 0.0,1.33629648E9,1.336731349E9,1471005.0
Casa1, 0.0,1.336296481E9,952221.0,1189315.0
Casa1, 0.0,1.336296482E9,1010009.0,1015095.0
Casa1, 0.0,1.336296483E9,1071.76,1315505.0
Casa1, 0.0,1.336296485E9,5.345190256E9,2811223.0
Casa1, 0.0,1.336296487E9,1.337631802E9,2366846.0
Casa1, 0.0,1.336296488E9,3194.0,4822.0
Casa1, 0.0,1.336296489E9,1.337556628E9,2254775.0
Casa1, 0.0,1.33629649E9,1317.32,1537.66
Casa1, 0.0,1.336296491E9,477215.0,700972.0
Casa1, 0.0,1.336296492E9,4.010375543E9,3079963.0
Casa1, 0.0,1.336296494E9,2.674129376E9,2631537.0
Casa1, 0.0,1.336296496E9,1.33697249E9,2431185.0
Casa1, 0.0,1.336296498E9,2.672657951E9,2709566.0
Casa1, 0.0,1.336296499E9,1.337209997E9,2696306.0
Casa1, 0.0,1.336296501E9,1.337251586E9,1762461.78
Casa1, 0.0,1.336296503E9,1.337195867E9,959824.79
Casa1, 0.0,1.336296505E9,883272.0,949909.0
Casa1, 0.0,1.336296506E9,4.009323181E9,533748.82
Casa1, 0.0,1.336296508E9,95097.0,310315.0
Casa1, 0.0,1.336296509E9,3.43,5028.0
Casa1, 0.0,1.33629651E9,4.009967383E9,1347702.0
Casa1, 0.0,1.336296511E9,8.018210559E9,3417455.0
Casa1, 0.0,1.336296513E9,1.337307064E9,2841546.0
Casa1, 0.0,1.336296515E9,1.337303249E9,2832789.0
Casa1, 0.0,1.336296517E9,1005.57,1010661.0
Casa1, 0.0,1.336296518E9,1018673.0,1260161.0
Casa1, 0.0,1.336296519E9,1007037.0,1012116.0
Casa1, 0.0,1.33629652E9,1217877.0,1451821.0
Casa1, 0.0,1.336296522E9,1176953.0,1415264.0
Casa1, 0.0,1.336296523E9,4.009804674E9,25546.129999999997
Casa1, 0.0,1.336296524E9,4.010064077E9,2660442.0
Casa1, 0.0,1.336296526E9,4.010190733E9,1622436.19
Casa1, 0.0,1.336296528E9,2.673951021E9,2415128.48
Casa1, 0.0,1.33629653E9,1374914.0,1585.14
Casa1, 0.0,1.336296532E9,1.33629734538E9,911784.25
Casa1, 0.0,1.336296534E9,1.337159988E9,2636873.0
Casa1, 0.0,1.336296536E9,1.337142888E9,2614555.0
Casa1, 0.0,1.336296537E9,2.673027446E9,1300228.0
Casa1, 0.0,1.336296538E9,1600251.0,1755.86
Casa1, 0.0,1.336296539E9,562446.0,757316.0
Casa1, 0.0,1.33629654E9,1651036.0,1792328.0
Casa1, 0.0,1.336296541E9,1.336301784E9,592568.0
Casa1, 0.0,1.336296542E9,2.674162199E9,1745012.0
Casa1, 0.0,1.336296543E9,2.672855113E9,1826974.0
Casa1, 0.0,1.336296544E9,5.345619574E9,1568632.0
Casa1, 0.0,1.336296545E9,4.008893969E9,1279437.0
Casa1, 0.0,1.336296547E9,1178768.0,1416453.0
Casa1, 0.0,1.336296548E9,1009302.0,1014407.0
Casa1, 0.0,1.336296549E9,1328517.0,1546467.0
Casa1, 0.0,1.33629655E9,1006691.0,1011831.0
Casa1, 0.0,1.336296551E9,5.346272548E9,1172807.91
Casa1, 0.0,1.336296552E9,4.0088954E9,1848267.0
Casa1, 0.0,1.336296553E9,4.009160773E9,540272.5
Casa1, 0.0,1.336296554E9,5.345619797E9,1580077.0
Casa1, 0.0,1.336296555E9,5.346239245E9,1965299.7
Casa1, 0.0,1.336296556E9,2.672598897E9,24736.0
Casa1, 0.0,1.336296557E9,1.33749971E9,2164118.0
Casa1, 0.0,1.336296559E9,1.337632688E9,2366293.0
Casa1, 0.0,1.336296561E9,1.337623354E9,808366.68
Casa1, 0.0,1.336296564E9,784583.0,893057.0
Casa1, 0.0,1.336296565E9,5091.0,6529.0
Casa1, 0.0,1.336296566E9,1.33629665226E9,1073769.0
Casa1, 0.0,1.336296567E9,1.337329835E9,1253762.0
Casa1, 0.0,1.336296568E9,1.336351381E9,70928.25
Casa1, 0.0,1.336296569E9,1.337196663E9,1955283.0
Casa1, 0.0,1.336296571E9,1.337291727E9,2086346.0
Casa1, 0.0,1.336296573E9,1.337483337E9,2323635.0
Casa1, 0.0,1.336296574E9,918334.0,1168804.0
Casa1, 0.0,1.336296575E9,1.337233388E9,985874.0
Casa1, 0.0,1.336296576E9,850706.0,1116316.0
Casa1, 0.0,1.336296577E9,945826.0,985172.0
Casa1, 0.0,1.336296578E9,893165.0,1150125.0
Casa1, 0.0,1.336296579E9,1012885.0,1017965.0
Casa1, 0.0,1.33629658E9,5171.0,6636.0
Casa1, 0.0,1.336296581E9,1.33629789892E9,1527205.0
Casa1, 0.0,1.336296583E9,1.336300594E9,1442510.0
Casa1, 0.0,1.336296584E9,2.672599794E9,648020.0
Casa1, 0.0,1.336296586E9,297844.0,553231.0
Casa1, 0.0,1.336296587E9,1321466.0,1437679.0
Casa1, 0.0,1.336296588E9,1.3363082E9,881781.0
Casa1, 0.0,1.336296589E9,2.673912833E9,2501988.0
Casa1, 0.0,1.336296592E9,1.336301091E9,20154.0
Casa1, 0.0,1.336296593E9,1.337275779E9,2430895.0
Casa1, 0.0,1.336296594E9,1.336306931E9,668091.0
Casa1, 0.0,1.336296595E9,1295012.0,1420604.0
Casa1, 0.0,1.336296596E9,1.336696802E9,1614592.0
Casa1, 0.0,1.336296597E9,2.672598601E9,24476.0
Casa1, 0.0,1.336296598E9,1.336714292E9,1645986.0
Casa1, 0.0,1.3362966E9,2.6725932047E9,1917130.0
Casa1, 0.0,1.336296602E9,646025.0,816454.0
Casa1, 0.0,1.336296603E9,1.337483264E9,1353778.28
Casa1, 0.0,1.336296604E9,755417.0,881835.0
Casa1, 0.0,1.336296605E9,1251383.0,1393662.0
Casa1, 0.0,1.336296606E9,821627.0,918115.0
Casa1, 0.0,1.336296607E9,1.337397025E9,2180477.0
Casa1, 0.0,1.336296609E9,2.673319622E9,1638816.9300000002
Casa1, 0.0,1.33629661E9,961691.0,1201441.0
Casa1, 0.0,1.336296611E9,504216.0,720.64
Casa1, 0.0,1.336296612E9,1162627.0,1339391.0
Casa1, 0.0,1.336296613E9,610848.0,793209.0
Casa1, 0.0,1.336296614E9,1303.54,1426885.0
Casa1, 0.0,1.336296615E9,734248.0,867477.0
Casa1, 0.0,1.336296617E9,5.345196895E9,713180.0
Casa1, 0.0,1.336296616E9,1318036.0,1434644.0
Casa1, 0.0,1.336296618E9,2.672606079E9,2427335.0
Casa1, 0.0,1.33629662E9,1.337311945E9,1021830.01
Casa1, 0.0,1.336296621E9,2.6725932487200003E9,744480.0
Casa1, 0.0,1.336296623E9,1.336318241E9,670537.0
Casa1, 0.0,1.336296624E9,1193331.0,1345608.0
Casa1, 0.0,1.336296625E9,5.345189732E9,83838.0
Casa1, 0.0,1.336296626E9,821525.0,1091596.0
Casa1, 0.0,1.336296628E9,604.14,902024.0
Casa1, 0.0,1.336296629E9,1.336365572E9,531134.0
Casa1, 0.0,1.336296631E9,66475.0,89848.0
Casa1, 0.0,1.336296632E9,285319.0,432083.0
Casa1, 0.0,1.336296634E9,284048.0,430408.0
Casa1, 0.0,1.336296656E9,283505.0,429185.0
Casa1, 0.0,1.336296692E9,284337.0,429638.0
Casa1, 0.0,1.336296696E9,1.336340211E9,508596.0
Casa1, 0.0,1.336296697E9,1.33629678359E9,574550.0
Casa1, 0.0,1.336296698E9,2.672919901E9,1082681.79
Casa1, 0.0,1.336296699E9,583488.0,734.11
Casa1, 0.0,1.3362967E9,1.33629707815E9,1196391.0
Casa1, 0.0,1.336296701E9,1.336706365E9,806494.28
Casa1, 0.0,1.336296702E9,1.336712774E9,1266064.0
Casa1, 0.0,1.336296703E9,1.336714626E9,1270347.0
Casa1, 0.0,1.336296704E9,1.336727347E9,1294736.0
Casa1, 0.0,1.336296705E9,1.336738977E9,1317144.0
Casa1, 0.0,1.336296706E9,1.336726562E9,826251.01
Casa1, 0.0,1.336296707E9,1.336722242E9,1284652.0
Casa1, 0.0,1.336296708E9,1.336719784E9,1280430.0
Casa1, 0.0,1.336296709E9,1.336717605E9,1276232.0
Casa1, 0.0,1.33629671E9,1.336716507E9,459081.08
Casa1, 0.0,1.336296711E9,418253.0,456908.0
Casa1, 0.0,1.336296712E9,674103.0,815344.0
Casa1, 0.0,1.336296713E9,1.336712672E9,455227.94
Casa1, 0.0,1.336296715E9,671944.0,813197.0
Casa1, 0.0,1.336296717E9,670713.0,812215.0
Casa1, 0.0,1.33629672E9,668449.0,810031.0
Casa1, 0.0,1.336296722E9,669025.0,810221.0
Casa1, 0.0,1.336296723E9,667432.0,808712.0
Casa1, 0.0,1.336296724E9,1.336706085E9,1255260.0
Casa1, 0.0,1.336296725E9,408253.0,447228.0
Casa1, 0.0,1.336296729E9,662369.0,803.69
Casa1, 0.0,1.336296733E9,660009.0,801597.0
Casa1, 0.0,1.336296742E9,657443.0,799186.0
Casa1, 0.0,1.336296744E9,657688.0,799262.0
Casa1, 0.0,1.336296766E9,1.336363463E9,892744.0
Casa1, 0.0,1.336296767E9,1.336362133E9,888081.0
Casa1, 0.0,1.33629679E9,659225.0,801239.0
Casa1, 0.0,1.336296814E9,661.35,803975.0
Casa1, 0.0,1.336296818E9,2.67276816E9,917283.0
Casa1, 0.0,1.336296819E9,1.33629684011E9,470951.0
Casa1, 0.0,1.336296853E9,284578.0,434431.0
Casa1, 0.0,1.336296856E9,1.336363542E9,525772.0
Casa1, 0.0,1.336296857E9,1.336362522E9,89803.99
Casa1, 0.0,1.336296864E9,1.336317549E9,619696.0
Casa1, 0.0,1.336296865E9,1.336299689E9,441971.0
Casa1, 0.0,1.336296866E9,1.336344422E9,538083.89
Casa1, 0.0,1.336296867E9,1.33629686975E9,442157.0
Casa1, 0.0,1.336296868E9,1.336362349E9,836714.0
Casa1, 0.0,1.336296869E9,1.33629957E9,441538.0
Casa1, 0.0,1.33629687E9,1.336371253E9,871511.0
Casa1, 0.0,1.336296871E9,1.336299622E9,431965.18
Casa1, 0.0,1.336296872E9,1.336344338E9,760381.0
Casa1, 0.0,1.336296873E9,1.336299647E9,441835.0
Casa1, 0.0,1.336296874E9,1.33633542E9,718079.0
Casa1, 0.0,1.336296875E9,1.336299662E9,431494.15
Casa1, 0.0,1.336296878E9,1.336363483E9,524263.0
Casa1, 0.0,1.336296886E9,1.336363759E9,91988.4
Casa1, 0.0,1.336296887E9,2.67292158E9,759056.09
Casa1, 0.0,1.336296888E9,1.336299759E9,443855.0
Casa1, 0.0,1.336296889E9,1.336362223E9,836345.0
Casa1, 0.0,1.33629689E9,1.336299628E9,442677.0
Casa1, 0.0,1.336296891E9,1.336353308E9,801187.0
Casa1, 0.0,1.336296892E9,1.33629964E9,444427.0
Casa1, 0.0,1.336296893E9,1.336353321E9,800651.0
Casa1, 0.0,1.336296894E9,1.336580228E9,10666.2
Casa1, 0.0,1.336296895E9,1.336326432E9,671401.0
Casa1, 0.0,1.336296896E9,1.336299652E9,442527.0
Casa1, 0.0,1.3362969E9,282878.0,431588.0
Casa1, 0.0,1.336296901E9,1.336335439E9,718224.0
Casa1, 0.0,1.336296902E9,1.336299663E9,443747.0
Casa1, 0.0,1.336296903E9,1.336344379E9,759954.0
Casa1, 0.0,1.336296904E9,1.336299675E9,441793.0
Casa1, 0.0,1.336296905E9,1.336326437E9,670309.0
Casa1, 0.0,1.336296906E9,1.336299669E9,442280.0
Casa1, 0.0,1.336296907E9,1.33629694545E9,718628.0
Casa1, 0.0,1.336296908E9,1.33629969E9,442885.0
Casa1, 0.0,1.336296909E9,1.336326496E9,670658.0
Casa1, 0.0,1.33629691E9,1.336299663E9,442284.0
Casa1, 0.0,1.336296911E9,1.336317552E9,619760.0
Casa1, 0.0,1.336296912E9,1.336299685E9,442256.0
Casa1, 0.0,1.336296913E9,1.336317531E9,619298.0
Casa1, 0.0,1.336296914E9,1.33629691678E9,10706.99
Casa1, 0.0,1.336296917E9,1.336326521E9,670056.0
Casa1, 0.0,1.336296918E9,1.336299673E9,442220.0
Casa1, 0.0,1.336296919E9,1.33629693973E9,619542.0
Casa1, 0.0,1.33629692E9,1.33629692274E9,442839.0
Casa1, 0.0,1.336296921E9,1.33629697742E9,800403.0
Casa1, 0.0,1.336296922E9,1.336336624E9,659072.0
Casa1, 0.0,1.336296923E9,1.336325386E9,726235.0
Casa1, 0.0,1.336296924E9,1.33629696256E9,718859.0
Casa1, 0.0,1.336296925E9,1.33629962E9,444309.0
Casa1, 0.0,1.336296926E9,1.336344509E9,760623.0
Casa1, 0.0,1.336296927E9,1.336299504E9,444549.0
Casa1, 0.0,1.336296928E9,1.33629697544E9,760748.0
Casa1, 0.0,1.336296929E9,1.336299744E9,444048.0
Casa1, 0.0,1.33629693E9,1.336317588E9,620122.0
Casa1, 0.0,1.336296931E9,1.336299677E9,443989.0
Casa1, 0.0,1.336296932E9,1.33633541E9,198969.49
Casa1, 0.0,1.336296933E9,1.336299641E9,443946.0
Casa1, 0.0,1.336296934E9,1.33632649E9,671423.0
Casa1, 0.0,1.336296935E9,1.336299681E9,444436.0
Casa1, 0.0,1.336296936E9,1.336326567E9,171542.82
Casa1, 0.0,1.336296937E9,1.336299688E9,444057.0
Casa1, 0.0,1.336296938E9,1.336326546E9,672878.0
Casa1, 0.0,1.336296939E9,2.672660541E9,537845.0
Casa1, 0.0,1.33629694E9,1.336362561E9,522815.0
Casa1, 0.0,1.336296942E9,1.336326546E9,671314.0
Casa1, 0.0,1.336296943E9,1.336299741E9,442997.0
Casa1, 0.0,1.336296944E9,1.336335453E9,719501.0
Casa1, 0.0,1.336296945E9,2784.0,10.16
Casa1, 0.0,1.336296946E9,56373.0,243035.0
Casa1, 0.0,1.336296947E9,2794.0,10243.0
Casa1, 0.0,1.336296948E9,1.336362189E9,836022.0
Casa1, 0.0,1.336296949E9,1.336299704E9,433047.18
Casa1, 0.0,1.33629695E9,1.336362191E9,835652.0
Casa1, 0.0,1.336296951E9,1.336299696E9,443018.0
Casa1, 0.0,1.336296952E9,1.336353247E9,556891.8
Casa1, 0.0,1.336296953E9,1.336299719E9,442886.0
Casa1, 0.0,1.336296954E9,1.336362168E9,835358.0
Casa1, 0.0,1.336296955E9,1.336299687E9,10621.62
Casa1, 0.0,1.336296956E9,1.336344278E9,759006.0
Casa1, 0.0,1.336296957E9,1.336299789E9,444168.0
Casa1, 0.0,1.336296958E9,1.3363086E9,554081.0
Casa1, 0.0,1.336296959E9,1.33629965E9,444584.0
Casa1, 0.0,1.33629696E9,1.336335435E9,719253.0
Casa1, 0.0,1.336296961E9,2.67267688E9,582822.0
Casa1, 0.0,1.336296962E9,2.672679316E9,971626.0
Casa1, 0.0,1.336296963E9,2.67267752E9,666836.0
Casa1, 0.0,1.336296964E9,4.009385984E9,2053382.85
Casa1, 0.0,1.336296965E9,2.672956459E9,198450.61
Casa1, 0.0,1.336296966E9,2.672999506E9,1259124.0
Casa1, 0.0,1.336296967E9,2.673012406E9,987918.11
Casa1, 0.0,1.336296968E9,6.681902227E9,1427655.0
Casa1, 0.0,1.336296969E9,5.34518829843E9,1154316.79
Casa1, 0.0,1.33629697E9,2.673037259E9,1333627.0
Casa1, 0.0,1.336296971E9,2.673025139E9,1373900.75
Casa1, 0.0,1.336296972E9,2.673020325E9,1301205.0
Casa1, 0.0,1.336296973E9,2.673018447E9,1543774.0
Casa1, 0.0,1.336296974E9,2.673016155E9,1293800.0
Casa1, 0.0,1.336296975E9,2.673014657E9,1354213.82
Casa1, 0.0,1.336296976E9,2.67301348E9,1287170.0
Casa1, 0.0,1.336296977E9,2.673012296E9,1637112.0
Casa1, 0.0,1.336296978E9,1.336299596E9,827499.0
Casa1, 0.0,1.336296979E9,1.336343976E9,220612.4
Casa1, 0.0,1.33629698E9,1.336299623E9,826463.0
Casa1, 0.0,1.336296981E9,2.6725943772E9,1693210.0
Casa1, 0.0,1.336296982E9,1.33629698464E9,824512.0
Casa1, 0.0,1.336296983E9,2.673007859E9,1108211.65
Casa1, 0.0,1.336296984E9,1.336299685E9,824035.0
Casa1, 0.0,1.336296985E9,1.33629701425E9,1026774.0
Casa1, 0.0,1.336296986E9,1.336299645E9,822020.0
Casa1, 0.0,1.336296987E9,55871.0,241251.0
Casa1, 0.0,1.336296988E9,2672.0,10047.0
Casa1, 0.0,1.336296989E9,1.336317353E9,980187.0
Casa1, 0.0,1.33629699E9,2.6725943888900003E9,1266765.0
Casa1, 0.0,1.336296991E9,1.3362970114E9,978429.0
Casa1, 0.0,1.336296992E9,1.336299634E9,818923.0
Casa1, 0.0,1.336296993E9,664485.0,807254.0
Casa1, 0.0,1.336296994E9,663209.0,805885.0
Casa1, 0.0,1.336296997E9,1.336344095E9,1104688.0
Casa1, 0.0,1.336296998E9,1.336299669E9,820343.0
Casa1, 0.0,1.336296999E9,2.672997722E9,1379871.98
Casa1, 0.0,1.336297E9,15007.0,119003.0
Casa1, 0.0,1.336297001E9,1.337063974E9,1292547.0
Casa1, 0.0,1.336297002E9,1.33636584E9,1134001.0
Casa1, 0.0,1.336297003E9,1.336339995E9,920852.52
Casa1, 0.0,1.336297004E9,1.33635295E9,847694.15
Casa1, 0.0,1.336297005E9,1.336299724E9,849666.12
Casa1, 0.0,1.336297006E9,1.33629707267E9,895920.0
Casa1, 0.0,1.336297007E9,1.336362392E9,891889.0
Casa1, 0.0,1.336297009E9,657513.0,800745.0
Casa1, 0.0,1.33629701E9,1.336317427E9,971257.0
Casa1, 0.0,1.336297011E9,1.336299716E9,811185.0
Casa1, 0.0,1.336297012E9,1.33629705015E9,860661.26
Casa1, 0.0,1.336297013E9,1.336299708E9,811320.0
Casa1, 0.0,1.336297014E9,1.336317425E9,971.24
Casa1, 0.0,1.336297015E9,1.336299679E9,810374.0
Casa1, 0.0,1.336297016E9,1.336344059E9,1094797.0
Casa1, 0.0,1.336297017E9,2675.0,10197.0
Casa1, 0.0,1.336297018E9,1.33629773713E9,261714.33
Casa1, 0.0,1.336297019E9,2617.0,10206.0
Casa1, 0.0,1.33629702E9,1.337026203E9,1196757.0
Casa1, 0.0,1.336297021E9,2691.0,10105.0
Casa1, 0.0,1.336297022E9,1.33629776012E9,1227045.0
Casa1, 0.0,1.336297023E9,1.336299666E9,801622.06
Casa1, 0.0,1.336297024E9,1.336344099E9,1095359.0
Casa1, 0.0,1.336297025E9,2713.0,10111.0
Casa1, 0.0,1.336297026E9,1.336999754E9,1096248.0
Casa1, 0.0,1.336297027E9,1.336299723E9,10966.55
Casa1, 0.0,1.336297028E9,1.336326363E9,1015994.0
Casa1, 0.0,1.336297029E9,1.33629703169E9,812901.0
Casa1, 0.0,1.33629703E9,2.672659447E9,1106298.0
Casa1, 0.0,1.336297031E9,2681.0,10088.0
Casa1, 0.0,1.336297032E9,1.33699113E9,862666.28
Casa1, 0.0,1.336297033E9,2717.0,10109.0
Casa1, 0.0,1.336297034E9,1.33629777208E9,296266.53
Casa1, 0.0,1.336297035E9,1.3362970377E9,812341.0
Casa1, 0.0,1.336297036E9,1.336361833E9,1164920.0
Casa1, 0.0,1.336297037E9,2691.0,10104.0
Casa1, 0.0,1.336297038E9,1.336983977E9,170741.46
Casa1, 0.0,1.336297039E9,1.33629769886E9,813497.0
Casa1, 0.0,1.33629704E9,1.336308589E9,914101.0
Casa1, 0.0,1.336297041E9,1.33629971E9,813621.0
Casa1, 0.0,1.336297042E9,11591.0,96642.0
Casa1, 0.0,1.336297043E9,1.336956481E9,14174.96
Casa1, 0.0,1.336297044E9,29289.0,169815.0
Casa1, 0.0,1.336297045E9,1.337052632E9,957620.11
Casa1, 0.0,1.336297046E9,1.336958674E9,818811.0
