NumCamadas: 3,NumCiclos: 7000,NumEntradas: 4,Taxa de Aprendizado: 0.5
Numero de neuronios por camada: [14, 8, 1]
-0.9300583553327375,-0.3004316826215341,-5.061269733786613,1.5534039376300337,
0.5,-0.15510552928897683,-1.8506623170821315,0.5,
0.5,-0.3769147221650536,7.894492372200738,0.5,
0.5,-0.4729786108767613,6.246545400512047,0.5,
0.5,0.5103613183994169,-0.1712208420027605,0.5,
0.5,0.5453294165626597,5.203066474763397,0.5,
0.5,-0.43389020329921907,11.403128048775496,0.5,
0.5,-0.4489443815220789,11.896363593176543,0.5,
0.5,-0.4165035378399264,12.336445457826514,0.5,
0.5,-0.37307364902582724,15.478622606813712,0.5,
0.5,-0.3678086744766651,18.399925455183247,0.5,
0.5,-0.41127595884385115,14.996360146676025,0.5,
0.5,-0.47201959267372084,6.445563028735152,0.5,
0.5,-0.3798304962780026,-0.8400620934033272,0.5,
1.3093817693671257,0.1122821124334266,-4.07545208746266,-1.386828433361164,1.487063043378387,-1.9666030293244412,-5.0180928833085705,-5.523654172974236,-4.0203371129573044,-4.480367823741532,-5.034567328498184,-3.2821469676587336,-1.9858523710746168,0.30965057300810517,
0.7978696404742481,0.4684856633811611,-2.3039892495983394,-1.621418376210178,-0.29006045431343264,-2.3155144709401614,-3.641744549710103,-3.4965618260114257,-4.371433693519453,-4.497731481842022,-4.823591165101468,-3.119908225025926,-1.4601587089425387,0.6807824571834883,
-1.1960865982394213,0.0676156044069914,-0.08108602426683911,-2.1138367766924038,-2.0669247577121244,-0.3076665100012374,1.2774951875192067,1.3577172296151163,1.8039979921800806,1.8946809852842128,1.5553068470168574,0.47204858022097346,-1.7409833942439792,-0.9329372223259377,
-2.8712575388593793,0.060104680248927844,2.573091036328638,-1.4882602937633054,-4.595730131884752,1.6191688330476102,4.631897413248323,4.218133096800781,4.196508312360305,1.269405418439425,0.5252872415917619,-0.11598893170716237,-0.09670852562466231,-1.7405572591878506,
-2.4732887601119766,0.36615236004666546,4.362550682507635,1.1261318426125533,-2.68699542508884,3.644041871214358,6.034941040712178,5.785275124325409,5.714132248072461,2.7029521840647597,2.557402195089164,1.1559866397565708,1.7674878088902344,-1.4394841221986918,
-2.395359266762101,-0.28317707912579976,2.0239674828289864,-0.8042097740052565,-2.437000876201014,2.1073181364515334,2.369492762085325,2.182942017966571,2.097094367468273,0.6295936723475754,0.8602852313740398,-0.6285406061069936,0.2761715161957398,-2.0779387149728765,
-2.0879666065619102,-0.4171604830980023,0.6771524951211277,-1.6324173498811667,-2.584757738318973,0.8559775997132802,0.24538084134578284,-0.1150053825670953,-0.4850766364320712,-1.9328398813118037,-2.0048026354829345,-2.4241400485546802,0.04951659242943749,-1.7909006273025536,
-0.8045821750811603,0.018299867106532922,0.2915213252395776,-1.0450106338936507,-1.0949308956094281,0.07370628922010677,0.9240843600788534,0.9497029266590583,1.088906506561655,0.781375274334998,0.5095528901927264,-0.21560201224283634,-0.6298967173178818,-0.7160833846543138,
-1.755427500013986,-0.2837797292209048,-0.9558844173628102,0.6103331981993195,0.5917332851587234,0.8303732524894648,0.04399326715003576,-0.5558409075254537,
