WashingMachine, 14.0,1.336295772E9,1175.0,2058.0
WashingMachine, 14.0,1.336319444E9,3385.0,5276.0
WashingMachine, 14.0,1.336319445E9,5429.0,7004.0
WashingMachine, 14.0,1.336319447E9,9443.0,13469.0
WashingMachine, 14.0,1.336319666E9,4949.0,7101.0
WashingMachine, 14.0,1.336319667E9,3639.0,3856.0
WashingMachine, 14.0,1.336319844E9,375129.0,1124388.0
WashingMachine, 14.0,1.336319845E9,489.3,994.76
WashingMachine, 14.0,1.336319846E9,465559.0,986628.0
WashingMachine, 14.0,1.336319847E9,458375.0,987312.0
WashingMachine, 14.0,1.336319848E9,454579.0,985013.0
WashingMachine, 14.0,1.33631985E9,452209.0,984419.0
WashingMachine, 14.0,1.336319859E9,450148.0,979283.0
WashingMachine, 14.0,1.336319861E9,450626.0,978043.0
WashingMachine, 14.0,1.336319863E9,454141.0,977819.0
WashingMachine, 14.0,1.336319865E9,451424.0,976375.0
WashingMachine, 14.0,1.336319867E9,449199.0,975.73
WashingMachine, 14.0,1.336319871E9,448856.0,975604.0
WashingMachine, 14.0,1.336319873E9,452253.0,976539.0
WashingMachine, 14.0,1.336319875E9,454313.0,976344.0
WashingMachine, 14.0,1.336319877E9,456043.0,975297.0
WashingMachine, 14.0,1.336319881E9,453.08,972569.0
WashingMachine, 14.0,1.336319882E9,451531.0,972705.0
WashingMachine, 14.0,1.336319884E9,448.15,971736.0
WashingMachine, 14.0,1.336319886E9,450117.0,971502.0
WashingMachine, 14.0,1.336319892E9,451635.0,970132.0
WashingMachine, 14.0,1.336319893E9,450173.0,967819.0
WashingMachine, 14.0,1.336319894E9,451522.0,968456.0
WashingMachine, 14.0,1.336319896E9,453073.0,969008.0
WashingMachine, 14.0,1.336319899E9,450.57,967503.0
WashingMachine, 14.0,1.336319901E9,449162.0,966914.0
WashingMachine, 14.0,1.336319903E9,448.34,962863.0
WashingMachine, 14.0,1.336319904E9,450.99,966917.0
WashingMachine, 14.0,1.336319905E9,449721.0,965883.0
WashingMachine, 14.0,1.336319908E9,450163.0,967207.0
WashingMachine, 14.0,1.336319912E9,448644.0,965245.0
WashingMachine, 14.0,1.336319914E9,447359.0,962035.0
WashingMachine, 14.0,1.336319915E9,448475.0,965261.0
WashingMachine, 14.0,1.336319918E9,448803.0,965.54
WashingMachine, 14.0,1.336319928E9,451712.0,966389.0
WashingMachine, 14.0,1.33631993E9,453952.0,967053.0
WashingMachine, 14.0,1.336319931E9,452562.0,966827.0
WashingMachine, 14.0,1.336319932E9,450.91,964598.0
WashingMachine, 14.0,1.336319933E9,449779.0,965692.0
WashingMachine, 14.0,1.336319934E9,447504.0,962925.0
WashingMachine, 14.0,1.336319936E9,445966.0,963153.0
WashingMachine, 14.0,1.336319939E9,448042.0,963494.0
WashingMachine, 14.0,1.33631994E9,449812.0,965052.0
WashingMachine, 14.0,1.336319941E9,452645.0,967561.0
WashingMachine, 14.0,1.336319942E9,451303.0,967823.0
WashingMachine, 14.0,1.336319947E9,449367.0,965066.0
WashingMachine, 14.0,1.336319951E9,450911.0,963994.0
WashingMachine, 14.0,1.336319952E9,452883.0,965831.0
WashingMachine, 14.0,1.336319954E9,452001.0,964937.0
WashingMachine, 14.0,1.336319959E9,448785.0,961028.0
WashingMachine, 14.0,1.336319964E9,450169.0,962.63
WashingMachine, 14.0,1.336319966E9,446434.0,962402.0
WashingMachine, 14.0,1.336319967E9,445087.0,962.82
WashingMachine, 14.0,1.336319971E9,444096.0,960767.0
WashingMachine, 14.0,1.336319973E9,442535.0,960366.0
WashingMachine, 14.0,1.336319974E9,443974.0,961238.0
WashingMachine, 14.0,1.336319978E9,443538.0,960747.0
WashingMachine, 14.0,1.336319982E9,442463.0,956182.0
WashingMachine, 14.0,1.336319987E9,444151.0,958383.0
WashingMachine, 14.0,1.336319997E9,446589.0,959137.0
WashingMachine, 14.0,1.336319999E9,447.77,959484.0
WashingMachine, 14.0,1.336320001E9,449434.0,958.98
WashingMachine, 14.0,1.336320005E9,445954.0,959794.0
WashingMachine, 14.0,1.336320006E9,443926.0,959418.0
WashingMachine, 14.0,1.336320007E9,442739.0,959524.0
WashingMachine, 14.0,1.33632001E9,444016.0,959652.0
WashingMachine, 14.0,1.336320013E9,442734.0,955958.0
WashingMachine, 14.0,1.336320014E9,443856.0,959117.0
WashingMachine, 14.0,1.336320015E9,442651.0,956693.0
WashingMachine, 14.0,1.336320016E9,444819.0,958392.0
WashingMachine, 14.0,1.336320019E9,91851.0,417584.0
WashingMachine, 14.0,1.33632002E9,3382.0,3709.0
WashingMachine, 14.0,1.336320027E9,401606.0,1143085.0
WashingMachine, 14.0,1.336320028E9,491449.0,1114104.0
WashingMachine, 14.0,1.336320029E9,743726.0,1173003.0
WashingMachine, 14.0,1.33632003E9,732938.0,1167713.0
WashingMachine, 14.0,1.336320031E9,711025.0,1156352.0
WashingMachine, 14.0,1.336320032E9,698821.0,1150822.0
WashingMachine, 14.0,1.336320033E9,691407.0,1146472.0
WashingMachine, 14.0,1.336320034E9,686026.0,1145.19
WashingMachine, 14.0,1.336320035E9,683634.0,1141531.0
WashingMachine, 14.0,1.336320037E9,682861.0,1140061.0
WashingMachine, 14.0,1.336320038E9,685916.0,1143949.0
WashingMachine, 14.0,1.336320039E9,684835.0,1142135.0
WashingMachine, 14.0,1.33632004E9,689959.0,1144844.0
WashingMachine, 14.0,1.336320041E9,691765.0,1145872.0
WashingMachine, 14.0,1.336320042E9,698125.0,1147957.0
WashingMachine, 14.0,1.336320043E9,700301.0,1147.97
WashingMachine, 14.0,1.336320044E9,708099.0,1151237.0
WashingMachine, 14.0,1.336320046E9,711776.0,1152505.0
WashingMachine, 14.0,1.336320047E9,714218.0,1154285.0
WashingMachine, 14.0,1.33632005E9,715364.0,1152984.0
WashingMachine, 14.0,1.336320052E9,712964.0,1151658.0
WashingMachine, 14.0,1.336320053E9,705611.0,1148936.0
WashingMachine, 14.0,1.336320054E9,701088.0,1145845.0
WashingMachine, 14.0,1.336320055E9,695985.0,1144888.0
WashingMachine, 14.0,1.336320056E9,694.23,1143.12
WashingMachine, 14.0,1.336320057E9,695648.0,1143985.0
WashingMachine, 14.0,1.336320058E9,698567.0,1143209.0
WashingMachine, 14.0,1.336320059E9,704225.0,1147309.0
WashingMachine, 14.0,1.33632006E9,706075.0,1145297.0
WashingMachine, 14.0,1.336320061E9,708384.0,1148562.0
WashingMachine, 14.0,1.336320063E9,712.16,1150327.0
WashingMachine, 14.0,1.336320064E9,715538.0,1150116.0
WashingMachine, 14.0,1.336320065E9,717764.0,1153613.0
WashingMachine, 14.0,1.336320066E9,719594.0,1154784.0
WashingMachine, 14.0,1.336320068E9,721406.0,1155224.0
WashingMachine, 14.0,1.336320071E9,723374.0,1155222.0
WashingMachine, 14.0,1.336320075E9,721958.0,1153041.0
WashingMachine, 14.0,1.336320077E9,720025.0,1151508.0
WashingMachine, 14.0,1.336320078E9,717762.0,1150573.0
WashingMachine, 14.0,1.336320079E9,713839.0,1148352.0
WashingMachine, 14.0,1.336320081E9,716171.0,1145688.0
WashingMachine, 14.0,1.336320083E9,716662.0,1143816.0
WashingMachine, 14.0,1.336320084E9,737669.0,1159253.0
WashingMachine, 14.0,1.336320085E9,726315.0,1150152.0
WashingMachine, 14.0,1.336320086E9,729717.0,1154278.0
WashingMachine, 14.0,1.336320087E9,733638.0,1154224.0
WashingMachine, 14.0,1.336320088E9,736802.0,1157228.0
WashingMachine, 14.0,1.336320089E9,735704.0,1154539.0
WashingMachine, 14.0,1.33632009E9,737044.0,1155693.0
WashingMachine, 14.0,1.336320091E9,732816.0,1152771.0
WashingMachine, 14.0,1.336320092E9,734774.0,1153959.0
WashingMachine, 14.0,1.336320093E9,733708.0,1153637.0
WashingMachine, 14.0,1.336320094E9,730107.0,1152456.0
WashingMachine, 14.0,1.336320095E9,728869.0,1151719.0
WashingMachine, 14.0,1.336320096E9,732159.0,1153295.0
WashingMachine, 14.0,1.336320097E9,729614.0,1152543.0
WashingMachine, 14.0,1.336320098E9,731567.0,1153659.0
WashingMachine, 14.0,1.336320099E9,730326.0,1152559.0
WashingMachine, 14.0,1.3363201E9,727923.0,1150802.0
WashingMachine, 14.0,1.336320101E9,732117.0,1149693.0
WashingMachine, 14.0,1.336320102E9,728155.0,1149903.0
WashingMachine, 14.0,1.336320103E9,730007.0,1151055.0
WashingMachine, 14.0,1.336320104E9,732276.0,1153344.0
WashingMachine, 14.0,1.336320106E9,733478.0,1153198.0
WashingMachine, 14.0,1.336320107E9,727087.0,1148975.0
WashingMachine, 14.0,1.336320108E9,725466.0,1149342.0
WashingMachine, 14.0,1.336320109E9,723488.0,1147678.0
WashingMachine, 14.0,1.33632011E9,718208.0,1146265.0
WashingMachine, 14.0,1.336320111E9,684991.0,1130.86
WashingMachine, 14.0,1.336320112E9,672244.0,1125995.0
WashingMachine, 14.0,1.336320113E9,662347.0,1122278.0
WashingMachine, 14.0,1.336320114E9,668318.0,1124.38
WashingMachine, 14.0,1.336320115E9,664677.0,1123489.0
WashingMachine, 14.0,1.336320116E9,672397.0,1125.2
WashingMachine, 14.0,1.336320117E9,666.29,1123184.0
WashingMachine, 14.0,1.336320118E9,669.82,1122821.0
WashingMachine, 14.0,1.336320119E9,682561.0,1128783.0
WashingMachine, 14.0,1.33632012E9,680806.0,1126668.0
WashingMachine, 14.0,1.336320121E9,688.08,1131972.0
WashingMachine, 14.0,1.336320122E9,681848.0,1128465.0
WashingMachine, 14.0,1.336320123E9,686527.0,1131145.0
WashingMachine, 14.0,1.336320124E9,692646.0,1134638.0
WashingMachine, 14.0,1.336320125E9,687134.0,1131373.0
WashingMachine, 14.0,1.336320126E9,693639.0,1134519.0
WashingMachine, 14.0,1.336320127E9,683887.0,1128618.0
WashingMachine, 14.0,1.336320128E9,701.27,1135726.0
WashingMachine, 14.0,1.336320129E9,708887.0,1139625.0
WashingMachine, 14.0,1.33632013E9,690906.0,1129993.0
WashingMachine, 14.0,1.336320131E9,692313.0,1129364.0
WashingMachine, 14.0,1.336320132E9,698901.0,1130963.0
WashingMachine, 14.0,1.336320133E9,693259.0,1133762.0
WashingMachine, 14.0,1.336320134E9,686633.0,1119986.0
WashingMachine, 14.0,1.336320136E9,683.62,1126776.0
WashingMachine, 14.0,1.336320137E9,687577.0,1129176.0
WashingMachine, 14.0,1.336320139E9,692273.0,1130608.0
WashingMachine, 14.0,1.33632014E9,688194.0,1129157.0
WashingMachine, 14.0,1.336320141E9,684076.0,1126223.0
WashingMachine, 14.0,1.336320142E9,677835.0,1122672.0
WashingMachine, 14.0,1.336320143E9,684023.0,1125982.0
WashingMachine, 14.0,1.336320144E9,698096.0,1130915.0
WashingMachine, 14.0,1.336320145E9,681.76,1123702.0
WashingMachine, 14.0,1.336320146E9,689339.0,1127.14
WashingMachine, 14.0,1.336320147E9,694538.0,1130855.0
WashingMachine, 14.0,1.336320148E9,688211.0,1127063.0
WashingMachine, 14.0,1.336320149E9,683218.0,1124489.0
WashingMachine, 14.0,1.33632015E9,684.9,1126498.0
WashingMachine, 14.0,1.336320151E9,693575.0,1125914.0
WashingMachine, 14.0,1.336320152E9,683905.0,1124554.0
WashingMachine, 14.0,1.336320153E9,703096.0,1127888.0
WashingMachine, 14.0,1.336320154E9,684707.0,1124882.0
WashingMachine, 14.0,1.336320155E9,687342.0,1123686.0
WashingMachine, 14.0,1.336320156E9,696.61,1129765.0
WashingMachine, 14.0,1.336320157E9,686528.0,1124636.0
WashingMachine, 14.0,1.336320159E9,708056.0,1134449.0
WashingMachine, 14.0,1.33632016E9,672206.0,1117913.0
WashingMachine, 14.0,1.336320161E9,663536.0,1113987.0
WashingMachine, 14.0,1.336320162E9,680681.0,1121791.0
WashingMachine, 14.0,1.336320163E9,673006.0,1119464.0
WashingMachine, 14.0,1.336320164E9,636385.0,1106148.0
WashingMachine, 14.0,1.336320165E9,618447.0,1101.08
WashingMachine, 14.0,1.336320166E9,611755.0,1097093.0
WashingMachine, 14.0,1.336320167E9,602802.0,1095597.0
WashingMachine, 14.0,1.336320168E9,604562.0,1095232.0
WashingMachine, 14.0,1.336320169E9,602173.0,1094128.0
WashingMachine, 14.0,1.33632017E9,598958.0,1094155.0
WashingMachine, 14.0,1.336320171E9,605575.0,1095.26
WashingMachine, 14.0,1.336320172E9,600275.0,1094.09
WashingMachine, 14.0,1.336320175E9,596965.0,1092916.0
WashingMachine, 14.0,1.336320176E9,598326.0,1092508.0
WashingMachine, 14.0,1.336320178E9,594324.0,1087802.0
WashingMachine, 14.0,1.336320179E9,599186.0,1094301.0
WashingMachine, 14.0,1.33632018E9,592785.0,1087056.0
WashingMachine, 14.0,1.336320181E9,595803.0,1094732.0
WashingMachine, 14.0,1.336320183E9,593956.0,1093905.0
WashingMachine, 14.0,1.336320185E9,596214.0,1093.74
WashingMachine, 14.0,1.336320186E9,588964.0,1092233.0
WashingMachine, 14.0,1.336320187E9,594296.0,1093677.0
WashingMachine, 14.0,1.336320189E9,590807.0,1093429.0
WashingMachine, 14.0,1.33632019E9,593137.0,1093573.0
WashingMachine, 14.0,1.336320191E9,590498.0,1092556.0
WashingMachine, 14.0,1.336320192E9,589234.0,1093133.0
WashingMachine, 14.0,1.336320193E9,592.25,1092856.0
WashingMachine, 14.0,1.336320194E9,588619.0,1091814.0
WashingMachine, 14.0,1.336320196E9,591927.0,1092.62
WashingMachine, 14.0,1.336320197E9,589771.0,1091718.0
WashingMachine, 14.0,1.336320198E9,590986.0,1091251.0
WashingMachine, 14.0,1.336320199E9,595002.0,1093625.0
WashingMachine, 14.0,1.3363202E9,591478.0,1089214.0
WashingMachine, 14.0,1.336320201E9,359671.0,852439.0
WashingMachine, 14.0,1.336320202E9,3338.0,3572.0
WashingMachine, 14.0,1.336320208E9,740572.0,1365205.0
WashingMachine, 14.0,1.336320209E9,626858.0,1101488.0
WashingMachine, 14.0,1.33632021E9,634028.0,1102538.0
WashingMachine, 14.0,1.336320211E9,642347.0,1105344.0
WashingMachine, 14.0,1.336320212E9,646049.0,1107125.0
WashingMachine, 14.0,1.336320213E9,648091.0,1107.22
WashingMachine, 14.0,1.336320214E9,646722.0,1107521.0
WashingMachine, 14.0,1.336320215E9,649974.0,1106855.0
WashingMachine, 14.0,1.336320216E9,654169.0,1111147.0
WashingMachine, 14.0,1.336320219E9,656684.0,1110532.0
WashingMachine, 14.0,1.336320221E9,665622.0,1115323.0
WashingMachine, 14.0,1.336320222E9,660311.0,1113118.0
WashingMachine, 14.0,1.336320223E9,662.96,1112799.0
WashingMachine, 14.0,1.336320224E9,661122.0,1113.08
WashingMachine, 14.0,1.336320225E9,662581.0,1111838.0
WashingMachine, 14.0,1.336320226E9,666306.0,1114538.0
WashingMachine, 14.0,1.336320228E9,670158.0,1117061.0
WashingMachine, 14.0,1.336320229E9,668437.0,1116767.0
WashingMachine, 14.0,1.33632023E9,671144.0,1117134.0
WashingMachine, 14.0,1.336320231E9,665161.0,1114184.0
WashingMachine, 14.0,1.336320232E9,670804.0,1116845.0
WashingMachine, 14.0,1.336320233E9,668168.0,1114.43
WashingMachine, 14.0,1.336320234E9,666628.0,1115169.0
WashingMachine, 14.0,1.336320235E9,668992.0,1114442.0
WashingMachine, 14.0,1.336320236E9,665.69,1114482.0
WashingMachine, 14.0,1.336320237E9,681426.0,1119485.0
WashingMachine, 14.0,1.336320238E9,669745.0,1117283.0
WashingMachine, 14.0,1.336320239E9,675092.0,1117905.0
WashingMachine, 14.0,1.33632024E9,654485.0,1111307.0
WashingMachine, 14.0,1.336320241E9,687.06,1124084.0
WashingMachine, 14.0,1.336320242E9,658621.0,1112345.0
WashingMachine, 14.0,1.336320243E9,654078.0,1112.4
WashingMachine, 14.0,1.336320244E9,643093.0,1110487.0
WashingMachine, 14.0,1.336320245E9,599558.0,1097992.0
WashingMachine, 14.0,1.336320246E9,579786.0,1094698.0
WashingMachine, 14.0,1.336320247E9,577427.0,1092048.0
WashingMachine, 14.0,1.336320248E9,573872.0,1092.5
WashingMachine, 14.0,1.33632025E9,576873.0,1092561.0
WashingMachine, 14.0,1.336320251E9,573482.0,1091809.0
WashingMachine, 14.0,1.336320252E9,574542.0,1090188.0
WashingMachine, 14.0,1.336320254E9,571134.0,1086009.0
WashingMachine, 14.0,1.336320255E9,575056.0,1090206.0
WashingMachine, 14.0,1.336320256E9,573.6,1085.57
WashingMachine, 14.0,1.336320257E9,572092.0,1089.56
WashingMachine, 14.0,1.336320258E9,573661.0,1089613.0
WashingMachine, 14.0,1.336320259E9,575453.0,1091.22
WashingMachine, 14.0,1.33632026E9,570378.0,1090319.0
WashingMachine, 14.0,1.336320261E9,571.38,1090712.0
WashingMachine, 14.0,1.336320263E9,568148.0,1086741.0
WashingMachine, 14.0,1.336320264E9,571424.0,1090172.0
WashingMachine, 14.0,1.336320266E9,568347.0,1087679.0
WashingMachine, 14.0,1.336320267E9,573513.0,1090067.0
WashingMachine, 14.0,1.336320268E9,574765.0,1087852.0
WashingMachine, 14.0,1.336320269E9,572351.0,1089253.0
WashingMachine, 14.0,1.33632027E9,568821.0,1086959.0
WashingMachine, 14.0,1.336320272E9,565636.0,1089255.0
WashingMachine, 14.0,1.336320273E9,569198.0,1089355.0
WashingMachine, 14.0,1.336320275E9,566095.0,1089789.0
WashingMachine, 14.0,1.336320276E9,569581.0,1089751.0
WashingMachine, 14.0,1.336320277E9,567.93,1087891.0
WashingMachine, 14.0,1.336320278E9,566885.0,1090259.0
WashingMachine, 14.0,1.336320279E9,569226.0,1088604.0
WashingMachine, 14.0,1.33632028E9,568085.0,1090303.0
WashingMachine, 14.0,1.336320281E9,565583.0,1088189.0
WashingMachine, 14.0,1.336320282E9,568788.0,1088902.0
WashingMachine, 14.0,1.336320284E9,566109.0,1088484.0
WashingMachine, 14.0,1.336320285E9,567787.0,1086956.0
WashingMachine, 14.0,1.336320287E9,565517.0,1086527.0
WashingMachine, 14.0,1.336320288E9,568697.0,1088186.0
WashingMachine, 14.0,1.336320289E9,567601.0,1086016.0
WashingMachine, 14.0,1.33632029E9,566265.0,1087266.0
WashingMachine, 14.0,1.336320291E9,567.32,1086072.0
WashingMachine, 14.0,1.336320293E9,563982.0,1084902.0
WashingMachine, 14.0,1.336320294E9,566048.0,1086.96
WashingMachine, 14.0,1.336320295E9,563686.0,1085745.0
WashingMachine, 14.0,1.336320296E9,561339.0,1086436.0
WashingMachine, 14.0,1.336320297E9,564361.0,1086159.0
WashingMachine, 14.0,1.336320298E9,562963.0,1084341.0
WashingMachine, 14.0,1.336320299E9,560197.0,1084017.0
WashingMachine, 14.0,1.336320301E9,559949.0,1084038.0
WashingMachine, 14.0,1.336320302E9,558394.0,1085386.0
WashingMachine, 14.0,1.336320303E9,559679.0,1084.89
WashingMachine, 14.0,1.336320304E9,562263.0,1086525.0
WashingMachine, 14.0,1.336320305E9,556634.0,1084154.0
WashingMachine, 14.0,1.336320306E9,559481.0,1087.24
WashingMachine, 14.0,1.336320307E9,557777.0,1083812.0
WashingMachine, 14.0,1.336320308E9,555731.0,1086216.0
WashingMachine, 14.0,1.336320309E9,557527.0,1086767.0
WashingMachine, 14.0,1.336320311E9,556278.0,1086389.0
WashingMachine, 14.0,1.336320313E9,559057.0,1086698.0
WashingMachine, 14.0,1.336320314E9,554882.0,1082451.0
WashingMachine, 14.0,1.336320315E9,557466.0,1087455.0
WashingMachine, 14.0,1.336320316E9,558548.0,1085642.0
WashingMachine, 14.0,1.336320317E9,556607.0,1086164.0
WashingMachine, 14.0,1.336320319E9,558797.0,1087144.0
WashingMachine, 14.0,1.33632032E9,556558.0,1086423.0
WashingMachine, 14.0,1.336320321E9,555074.0,1085.56
WashingMachine, 14.0,1.336320322E9,557777.0,1086144.0
WashingMachine, 14.0,1.336320323E9,556582.0,1085683.0
WashingMachine, 14.0,1.336320324E9,554171.0,1086494.0
WashingMachine, 14.0,1.336320325E9,557139.0,1086745.0
WashingMachine, 14.0,1.336320327E9,554965.0,1087443.0
WashingMachine, 14.0,1.336320328E9,556744.0,1084515.0
WashingMachine, 14.0,1.33632033E9,551848.0,1081418.0
WashingMachine, 14.0,1.336320331E9,555668.0,1085337.0
WashingMachine, 14.0,1.336320333E9,555411.0,1084835.0
WashingMachine, 14.0,1.336320334E9,557932.0,1084609.0
WashingMachine, 14.0,1.336320335E9,560337.0,1084504.0
WashingMachine, 14.0,1.336320336E9,557071.0,1084111.0
WashingMachine, 14.0,1.336320337E9,553703.0,1084119.0
WashingMachine, 14.0,1.336320338E9,549104.0,1082595.0
WashingMachine, 14.0,1.336320339E9,547658.0,1082979.0
WashingMachine, 14.0,1.33632034E9,549866.0,1083274.0
WashingMachine, 14.0,1.336320341E9,554456.0,1084647.0
WashingMachine, 14.0,1.336320342E9,551716.0,1083855.0
WashingMachine, 14.0,1.336320343E9,548977.0,1081846.0
WashingMachine, 14.0,1.336320344E9,552449.0,1084683.0
WashingMachine, 14.0,1.336320345E9,548124.0,1080821.0
WashingMachine, 14.0,1.336320347E9,551115.0,1080844.0
WashingMachine, 14.0,1.336320349E9,549952.0,1081941.0
WashingMachine, 14.0,1.33632035E9,552164.0,1084174.0
WashingMachine, 14.0,1.336320351E9,550119.0,1084062.0
WashingMachine, 14.0,1.336320352E9,548099.0,1084489.0
WashingMachine, 14.0,1.336320354E9,548.94,1081796.0
WashingMachine, 14.0,1.336320355E9,546008.0,1082935.0
WashingMachine, 14.0,1.336320356E9,547175.0,1083653.0
WashingMachine, 14.0,1.336320357E9,548.82,1082.53
WashingMachine, 14.0,1.336320358E9,546803.0,1082735.0
WashingMachine, 14.0,1.33632036E9,548657.0,1083122.0
WashingMachine, 14.0,1.336320361E9,545.5,1080342.0
WashingMachine, 14.0,1.336320364E9,545129.0,1081889.0
WashingMachine, 14.0,1.336320365E9,542711.0,1078712.0
WashingMachine, 14.0,1.336320366E9,545611.0,1078785.0
WashingMachine, 14.0,1.336320368E9,542424.0,1081221.0
WashingMachine, 14.0,1.33632037E9,544555.0,1081649.0
WashingMachine, 14.0,1.336320371E9,540817.0,1080156.0
WashingMachine, 14.0,1.336320373E9,543093.0,1079672.0
WashingMachine, 14.0,1.336320374E9,540894.0,1081575.0
WashingMachine, 14.0,1.336320375E9,539866.0,1080214.0
WashingMachine, 14.0,1.336320376E9,542876.0,1080706.0
WashingMachine, 14.0,1.336320377E9,541452.0,1080465.0
WashingMachine, 14.0,1.336320378E9,539742.0,1080.23
WashingMachine, 14.0,1.336320379E9,142807.0,550368.0
WashingMachine, 14.0,1.33632038E9,3361.0,3626.0
WashingMachine, 14.0,1.336320383E9,4536.0,5936.0
WashingMachine, 14.0,1.336320384E9,7605.0,9236.0
WashingMachine, 14.0,1.336320386E9,5.49,6986.0
WashingMachine, 14.0,1.336320741E9,3653.0,4458.0
WashingMachine, 14.0,1.336320743E9,393128.0,1135554.0
WashingMachine, 14.0,1.336320744E9,551919.0,1126065.0
WashingMachine, 14.0,1.336320745E9,559789.0,1129453.0
WashingMachine, 14.0,1.336320746E9,571514.0,1135073.0
WashingMachine, 14.0,1.336320747E9,579012.0,1131819.0
WashingMachine, 14.0,1.336320749E9,574.37,1129035.0
WashingMachine, 14.0,1.33632075E9,595936.0,1140547.0
WashingMachine, 14.0,1.336320751E9,607759.0,1143889.0
WashingMachine, 14.0,1.336320752E9,604556.0,1143257.0
WashingMachine, 14.0,1.336320753E9,597626.0,1141676.0
WashingMachine, 14.0,1.336320754E9,595832.0,1142256.0
WashingMachine, 14.0,1.336320755E9,607781.0,1147116.0
WashingMachine, 14.0,1.336320757E9,608293.0,1145.08
WashingMachine, 14.0,1.336320758E9,591625.0,1138385.0
WashingMachine, 14.0,1.336320759E9,587837.0,1134304.0
WashingMachine, 14.0,1.33632076E9,591741.0,1136272.0
WashingMachine, 14.0,1.336320761E9,593517.0,1138277.0
WashingMachine, 14.0,1.336320762E9,587327.0,1137342.0
WashingMachine, 14.0,1.336320763E9,591711.0,1139054.0
WashingMachine, 14.0,1.336320764E9,582247.0,1134702.0
WashingMachine, 14.0,1.336320765E9,580104.0,1133307.0
WashingMachine, 14.0,1.336320766E9,582555.0,1132059.0
WashingMachine, 14.0,1.336320767E9,575822.0,1133675.0
WashingMachine, 14.0,1.336320768E9,578977.0,1127965.0
WashingMachine, 14.0,1.336320769E9,586802.0,1133957.0
WashingMachine, 14.0,1.33632077E9,587817.0,1131276.0
WashingMachine, 14.0,1.336320771E9,592504.0,1135659.0
WashingMachine, 14.0,1.336320772E9,589115.0,1136348.0
WashingMachine, 14.0,1.336320773E9,575618.0,1130118.0
WashingMachine, 14.0,1.336320774E9,564.61,1127265.0
WashingMachine, 14.0,1.336320775E9,567105.0,1127425.0
WashingMachine, 14.0,1.336320776E9,560945.0,1126399.0
WashingMachine, 14.0,1.336320778E9,564674.0,1126638.0
WashingMachine, 14.0,1.336320779E9,584074.0,1133237.0
WashingMachine, 14.0,1.33632078E9,587061.0,1133526.0
WashingMachine, 14.0,1.336320781E9,591642.0,1135858.0
WashingMachine, 14.0,1.336320782E9,583785.0,1133255.0
WashingMachine, 14.0,1.336320783E9,576044.0,1130.9
WashingMachine, 14.0,1.336320784E9,573358.0,1127448.0
WashingMachine, 14.0,1.336320785E9,576157.0,1129659.0
WashingMachine, 14.0,1.336320786E9,577765.0,1129.59
WashingMachine, 14.0,1.336320787E9,574519.0,1129217.0
WashingMachine, 14.0,1.336320788E9,587714.0,1134.58
WashingMachine, 14.0,1.336320789E9,588977.0,1134309.0
WashingMachine, 14.0,1.33632079E9,577762.0,1129825.0
WashingMachine, 14.0,1.336320791E9,579389.0,1132664.0
WashingMachine, 14.0,1.336320792E9,578052.0,1131005.0
WashingMachine, 14.0,1.336320793E9,574805.0,1131097.0
WashingMachine, 14.0,1.336320794E9,580897.0,1132.79
WashingMachine, 14.0,1.336320795E9,590908.0,1135714.0
WashingMachine, 14.0,1.336320796E9,596438.0,1139401.0
WashingMachine, 14.0,1.336320797E9,580478.0,1130976.0
WashingMachine, 14.0,1.336320798E9,591.27,1136036.0
WashingMachine, 14.0,1.336320799E9,593507.0,1133354.0
WashingMachine, 14.0,1.3363208E9,591755.0,1135.39
WashingMachine, 14.0,1.336320801E9,588083.0,1122.88
WashingMachine, 14.0,1.336320802E9,581155.0,1124529.0
WashingMachine, 14.0,1.336320803E9,584216.0,1123987.0
WashingMachine, 14.0,1.336320804E9,585769.0,1121399.0
WashingMachine, 14.0,1.336320805E9,595965.0,1127.37
WashingMachine, 14.0,1.336320806E9,583.15,1120897.0
WashingMachine, 14.0,1.336320807E9,564515.0,1112781.0
WashingMachine, 14.0,1.336320808E9,566659.0,1113254.0
WashingMachine, 14.0,1.336320809E9,570959.0,1117119.0
WashingMachine, 14.0,1.33632081E9,579852.0,1120027.0
WashingMachine, 14.0,1.336320811E9,593693.0,1124846.0
WashingMachine, 14.0,1.336320812E9,596508.0,1123305.0
WashingMachine, 14.0,1.336320813E9,588018.0,1118275.0
WashingMachine, 14.0,1.336320814E9,582644.0,1118039.0
WashingMachine, 14.0,1.336320815E9,590439.0,1122115.0
WashingMachine, 14.0,1.336320817E9,592787.0,1119491.0
WashingMachine, 14.0,1.336320818E9,584.33,1118185.0
WashingMachine, 14.0,1.336320819E9,571988.0,1114684.0
WashingMachine, 14.0,1.33632082E9,554295.0,1108858.0
WashingMachine, 14.0,1.336320821E9,555317.0,1109006.0
WashingMachine, 14.0,1.336320822E9,564876.0,1112746.0
WashingMachine, 14.0,1.336320823E9,581424.0,1118333.0
WashingMachine, 14.0,1.336320824E9,583015.0,1115028.0
WashingMachine, 14.0,1.336320825E9,588565.0,1119924.0
WashingMachine, 14.0,1.336320826E9,600575.0,1119562.0
WashingMachine, 14.0,1.336320827E9,596.46,1121371.0
WashingMachine, 14.0,1.336320828E9,591447.0,1115528.0
WashingMachine, 14.0,1.33632083E9,583936.0,1116179.0
WashingMachine, 14.0,1.336320831E9,580223.0,1115461.0
WashingMachine, 14.0,1.336320832E9,587271.0,1119.19
WashingMachine, 14.0,1.336320833E9,594729.0,1123214.0
WashingMachine, 14.0,1.336320834E9,583001.0,1117646.0
WashingMachine, 14.0,1.336320835E9,576042.0,1112281.0
WashingMachine, 14.0,1.336320836E9,583595.0,1112.65
WashingMachine, 14.0,1.336320837E9,594109.0,1119193.0
WashingMachine, 14.0,1.336320838E9,587101.0,1117609.0
WashingMachine, 14.0,1.336320839E9,570014.0,1111134.0
WashingMachine, 14.0,1.33632084E9,562.68,1110.66
WashingMachine, 14.0,1.336320841E9,566004.0,1110584.0
WashingMachine, 14.0,1.336320842E9,567077.0,1111639.0
WashingMachine, 14.0,1.336320843E9,569006.0,1112.37
WashingMachine, 14.0,1.336320844E9,563389.0,1108541.0
WashingMachine, 14.0,1.336320845E9,568393.0,1109.94
WashingMachine, 14.0,1.336320846E9,583502.0,1114179.0
WashingMachine, 14.0,1.336320847E9,567233.0,1112108.0
WashingMachine, 14.0,1.336320848E9,564044.0,1108774.0
WashingMachine, 14.0,1.336320849E9,579423.0,1118148.0
WashingMachine, 14.0,1.33632085E9,582303.0,1119141.0
WashingMachine, 14.0,1.336320852E9,576.91,1116247.0
WashingMachine, 14.0,1.336320853E9,574352.0,1118084.0
WashingMachine, 14.0,1.336320854E9,571817.0,1115386.0
WashingMachine, 14.0,1.336320855E9,560454.0,1108617.0
WashingMachine, 14.0,1.336320856E9,562.11,1109837.0
WashingMachine, 14.0,1.336320857E9,567689.0,1113451.0
WashingMachine, 14.0,1.336320858E9,562179.0,1112211.0
WashingMachine, 14.0,1.336320859E9,571413.0,1116141.0
WashingMachine, 14.0,1.33632086E9,568023.0,1113456.0
WashingMachine, 14.0,1.336320861E9,582557.0,1116943.0
WashingMachine, 14.0,1.336320862E9,594865.0,1124014.0
WashingMachine, 14.0,1.336320863E9,601473.0,1123086.0
WashingMachine, 14.0,1.336320864E9,605.1,1127533.0
WashingMachine, 14.0,1.336320865E9,610184.0,1127096.0
WashingMachine, 14.0,1.336320866E9,598496.0,1126512.0
WashingMachine, 14.0,1.336320867E9,578625.0,1118959.0
WashingMachine, 14.0,1.336320868E9,582.64,1121197.0
WashingMachine, 14.0,1.336320869E9,585099.0,1123178.0
WashingMachine, 14.0,1.33632087E9,573431.0,1118017.0
WashingMachine, 14.0,1.336320871E9,564395.0,1113734.0
WashingMachine, 14.0,1.336320872E9,585557.0,1121778.0
WashingMachine, 14.0,1.336320873E9,581886.0,1117005.0
WashingMachine, 14.0,1.336320874E9,557927.0,1110531.0
WashingMachine, 14.0,1.336320875E9,563.7,1106816.0
WashingMachine, 14.0,1.336320876E9,573657.0,1115834.0
WashingMachine, 14.0,1.336320877E9,582842.0,1120422.0
WashingMachine, 14.0,1.336320878E9,591256.0,1124159.0
WashingMachine, 14.0,1.336320879E9,597946.0,1125979.0
WashingMachine, 14.0,1.33632088E9,589533.0,1122513.0
WashingMachine, 14.0,1.336320881E9,592203.0,1124594.0
WashingMachine, 14.0,1.336320883E9,593.17,1121995.0
WashingMachine, 14.0,1.336320885E9,581988.0,1119106.0
WashingMachine, 14.0,1.336320887E9,575909.0,1117566.0
WashingMachine, 14.0,1.336320888E9,574014.0,1116591.0
WashingMachine, 14.0,1.336320889E9,580.98,1118.21
WashingMachine, 14.0,1.33632089E9,589604.0,1122458.0
WashingMachine, 14.0,1.336320891E9,596803.0,1125838.0
WashingMachine, 14.0,1.336320892E9,612717.0,1129613.0
WashingMachine, 14.0,1.336320893E9,603511.0,1125648.0
WashingMachine, 14.0,1.336320894E9,599816.0,1125758.0
WashingMachine, 14.0,1.336320895E9,581905.0,1119999.0
WashingMachine, 14.0,1.336320896E9,560835.0,1108.36
WashingMachine, 14.0,1.336320897E9,555885.0,1109848.0
WashingMachine, 14.0,1.336320898E9,554596.0,1102615.0
WashingMachine, 14.0,1.336320899E9,577689.0,1117387.0
WashingMachine, 14.0,1.3363209E9,581057.0,1117878.0
WashingMachine, 14.0,1.336320901E9,600353.0,1122917.0
WashingMachine, 14.0,1.336320902E9,597585.0,1122856.0
WashingMachine, 14.0,1.336320903E9,603766.0,1128343.0
WashingMachine, 14.0,1.336320904E9,592814.0,1124733.0
WashingMachine, 14.0,1.336320905E9,572444.0,1115826.0
WashingMachine, 14.0,1.336320906E9,570805.0,1114846.0
WashingMachine, 14.0,1.336320907E9,576908.0,1116626.0
WashingMachine, 14.0,1.336320909E9,585394.0,1119999.0
WashingMachine, 14.0,1.33632091E9,592549.0,1122335.0
WashingMachine, 14.0,1.336320911E9,601521.0,1126465.0
WashingMachine, 14.0,1.336320913E9,584592.0,1121376.0
WashingMachine, 14.0,1.336320914E9,390746.0,918979.0
WashingMachine, 14.0,1.336320915E9,3229.0,3496.0
WashingMachine, 14.0,1.336320923E9,334276.0,1048165.0
WashingMachine, 14.0,1.336320924E9,404227.0,1094674.0
WashingMachine, 14.0,1.336320925E9,383265.0,1087293.0
WashingMachine, 14.0,1.336320926E9,384.9,1091.54
WashingMachine, 14.0,1.336320942E9,386529.0,1088579.0
WashingMachine, 14.0,1.33632095E9,385101.0,1081.77
WashingMachine, 14.0,1.336320951E9,386741.0,1087071.0
WashingMachine, 14.0,1.336320955E9,391017.0,1100313.0
WashingMachine, 14.0,1.336320956E9,390013.0,1096.89
WashingMachine, 14.0,1.336320986E9,389217.0,1103506.0
WashingMachine, 14.0,1.336320988E9,386064.0,1104966.0
WashingMachine, 14.0,1.336320989E9,380939.0,1100877.0
WashingMachine, 14.0,1.33632099E9,378769.0,1107683.0
WashingMachine, 14.0,1.336320991E9,374068.0,1100921.0
WashingMachine, 14.0,1.336320992E9,375276.0,1108579.0
WashingMachine, 14.0,1.336320993E9,373152.0,1108372.0
WashingMachine, 14.0,1.336320994E9,374.98,1108396.0
WashingMachine, 14.0,1.336320995E9,373015.0,1109165.0
WashingMachine, 14.0,1.336320998E9,371.88,1109624.0
WashingMachine, 14.0,1.336320999E9,370579.0,1110953.0
WashingMachine, 14.0,1.336321001E9,372164.0,1107781.0
WashingMachine, 14.0,1.336321002E9,369703.0,1110951.0
WashingMachine, 14.0,1.336321003E9,372015.0,1110829.0
WashingMachine, 14.0,1.336321004E9,370188.0,1112232.0
WashingMachine, 14.0,1.336321005E9,376391.0,1110878.0
WashingMachine, 14.0,1.336321006E9,367544.0,1112968.0
WashingMachine, 14.0,1.336321007E9,369055.0,1111824.0
WashingMachine, 14.0,1.336321008E9,377556.0,1110697.0
WashingMachine, 14.0,1.336321009E9,368064.0,1113754.0
WashingMachine, 14.0,1.33632101E9,371649.0,1111.83
WashingMachine, 14.0,1.336321011E9,373.43,1111375.0
WashingMachine, 14.0,1.336321012E9,368546.0,1113038.0
WashingMachine, 14.0,1.336321013E9,374403.0,1111474.0
WashingMachine, 14.0,1.336321014E9,366369.0,1113179.0
WashingMachine, 14.0,1.336321015E9,376461.0,1109777.0
WashingMachine, 14.0,1.336321016E9,361793.0,1107623.0
WashingMachine, 14.0,1.336321017E9,373261.0,1110977.0
WashingMachine, 14.0,1.336321018E9,365511.0,1105332.0
WashingMachine, 14.0,1.336321019E9,372682.0,1111108.0
WashingMachine, 14.0,1.33632102E9,364766.0,1106.17
WashingMachine, 14.0,1.336321021E9,371525.0,1112.17
WashingMachine, 14.0,1.336321022E9,368.38,1112631.0
WashingMachine, 14.0,1.336321024E9,373417.0,1108873.0
WashingMachine, 14.0,1.336321025E9,363646.0,1111001.0
WashingMachine, 14.0,1.336321026E9,370026.0,1107421.0
WashingMachine, 14.0,1.336321027E9,364755.0,1108655.0
WashingMachine, 14.0,1.336321028E9,368929.0,1107604.0
WashingMachine, 14.0,1.336321029E9,366421.0,1109404.0
WashingMachine, 14.0,1.33632103E9,367471.0,1109.24
WashingMachine, 14.0,1.336321031E9,369705.0,1107927.0
WashingMachine, 14.0,1.336321032E9,363447.0,1110147.0
WashingMachine, 14.0,1.336321033E9,369013.0,1109316.0
WashingMachine, 14.0,1.336321034E9,366463.0,1109449.0
WashingMachine, 14.0,1.336321035E9,367482.0,1109463.0
WashingMachine, 14.0,1.336321036E9,369054.0,1107729.0
WashingMachine, 14.0,1.336321037E9,366496.0,1109608.0
WashingMachine, 14.0,1.336321038E9,368884.0,1108825.0
WashingMachine, 14.0,1.336321039E9,364.6,1108.18
WashingMachine, 14.0,1.33632104E9,367241.0,1108263.0
WashingMachine, 14.0,1.336321042E9,363843.0,1099103.0
WashingMachine, 14.0,1.336321043E9,366639.0,1104323.0
WashingMachine, 14.0,1.336321046E9,365248.0,1105887.0
WashingMachine, 14.0,1.336321048E9,367685.0,1106996.0
WashingMachine, 14.0,1.336321049E9,363598.0,1105802.0
WashingMachine, 14.0,1.33632105E9,368051.0,1104804.0
WashingMachine, 14.0,1.336321051E9,361957.0,1106186.0
WashingMachine, 14.0,1.336321052E9,365989.0,1104991.0
WashingMachine, 14.0,1.336321053E9,364962.0,1105106.0
WashingMachine, 14.0,1.336321054E9,362616.0,1103439.0
WashingMachine, 14.0,1.336321055E9,365844.0,1102498.0
WashingMachine, 14.0,1.336321056E9,363616.0,1105534.0
WashingMachine, 14.0,1.336321057E9,365825.0,1102.11
WashingMachine, 14.0,1.336321058E9,363854.0,1105816.0
WashingMachine, 14.0,1.33632106E9,365753.0,1104723.0
WashingMachine, 14.0,1.336321061E9,363066.0,1105283.0
WashingMachine, 14.0,1.336321062E9,366695.0,1105809.0
WashingMachine, 14.0,1.336321063E9,364525.0,1106.28
WashingMachine, 14.0,1.336321069E9,362.53,1103746.0
WashingMachine, 14.0,1.33632107E9,364377.0,1100082.0
WashingMachine, 14.0,1.336321071E9,365514.0,1105977.0
WashingMachine, 14.0,1.336321072E9,363.96,1103182.0
WashingMachine, 14.0,1.336321073E9,367172.0,1105682.0
WashingMachine, 14.0,1.336321074E9,362867.0,1107718.0
WashingMachine, 14.0,1.336321075E9,366601.0,1107569.0
WashingMachine, 14.0,1.33632108E9,367608.0,1106695.0
WashingMachine, 14.0,1.336321083E9,366518.0,1106632.0
WashingMachine, 14.0,1.336321085E9,367634.0,1106738.0
WashingMachine, 14.0,1.336321086E9,366191.0,1107058.0
WashingMachine, 14.0,1.336321088E9,367698.0,1106075.0
WashingMachine, 14.0,1.336321089E9,363971.0,1106044.0
WashingMachine, 14.0,1.33632109E9,366213.0,1105623.0
WashingMachine, 14.0,1.336321091E9,361615.0,1088968.0
WashingMachine, 14.0,1.336321092E9,360129.0,1091005.0
WashingMachine, 14.0,1.336321093E9,362819.0,1093739.0
WashingMachine, 14.0,1.336321094E9,361457.0,1086437.0
WashingMachine, 14.0,1.336321096E9,285279.0,965276.0
WashingMachine, 14.0,1.336321097E9,3227.0,3507.0
WashingMachine, 14.0,1.336321104E9,826.75,1469887.0
WashingMachine, 14.0,1.336321105E9,618501.0,1096577.0
WashingMachine, 14.0,1.336321106E9,621668.0,1097.87
WashingMachine, 14.0,1.336321108E9,630078.0,1098886.0
WashingMachine, 14.0,1.336321109E9,638143.0,1101.24
WashingMachine, 14.0,1.33632111E9,645455.0,1105146.0
WashingMachine, 14.0,1.336321111E9,651764.0,1107485.0
WashingMachine, 14.0,1.336321112E9,655989.0,1109418.0
WashingMachine, 14.0,1.336321113E9,658.07,1110474.0
WashingMachine, 14.0,1.336321114E9,662655.0,1113018.0
WashingMachine, 14.0,1.336321115E9,654878.0,1110376.0
WashingMachine, 14.0,1.336321116E9,657387.0,1111178.0
WashingMachine, 14.0,1.336321117E9,671871.0,1120539.0
WashingMachine, 14.0,1.336321118E9,663907.0,1118212.0
WashingMachine, 14.0,1.33632112E9,665445.0,1121145.0
WashingMachine, 14.0,1.336321121E9,674363.0,1119427.0
WashingMachine, 14.0,1.336321125E9,675086.0,1121714.0
WashingMachine, 14.0,1.336321126E9,666.43,1118858.0
WashingMachine, 14.0,1.336321129E9,660635.0,1111.76
WashingMachine, 14.0,1.33632113E9,662005.0,1113465.0
WashingMachine, 14.0,1.336321131E9,658498.0,1111.47
WashingMachine, 14.0,1.336321132E9,657211.0,1112327.0
WashingMachine, 14.0,1.336321133E9,664374.0,1113689.0
WashingMachine, 14.0,1.336321135E9,665839.0,1114497.0
WashingMachine, 14.0,1.336321136E9,664.68,1113867.0
WashingMachine, 14.0,1.336321137E9,659817.0,1112.41
WashingMachine, 14.0,1.336321138E9,655002.0,1109183.0
WashingMachine, 14.0,1.336321139E9,662912.0,1111108.0
WashingMachine, 14.0,1.33632114E9,665512.0,1112178.0
WashingMachine, 14.0,1.336321141E9,654892.0,1107791.0
WashingMachine, 14.0,1.336321142E9,661886.0,1103628.0
WashingMachine, 14.0,1.336321143E9,660649.0,1101844.0
WashingMachine, 14.0,1.336321144E9,650631.0,1082257.0
WashingMachine, 14.0,1.336321145E9,667.62,1092232.0
WashingMachine, 14.0,1.336321146E9,651406.0,1087837.0
WashingMachine, 14.0,1.336321147E9,657741.0,1090289.0
WashingMachine, 14.0,1.336321148E9,664691.0,1092868.0
WashingMachine, 14.0,1.336321149E9,655525.0,1089905.0
WashingMachine, 14.0,1.33632115E9,656.54,1089658.0
WashingMachine, 14.0,1.336321151E9,665991.0,1094654.0
WashingMachine, 14.0,1.336321152E9,655495.0,1089515.0
WashingMachine, 14.0,1.336321153E9,663454.0,1094186.0
WashingMachine, 14.0,1.336321154E9,666212.0,1094713.0
WashingMachine, 14.0,1.336321155E9,654868.0,1088236.0
WashingMachine, 14.0,1.336321156E9,667214.0,1093543.0
WashingMachine, 14.0,1.336321157E9,654453.0,1087713.0
WashingMachine, 14.0,1.336321158E9,658154.0,1089561.0
WashingMachine, 14.0,1.336321159E9,666529.0,1093409.0
WashingMachine, 14.0,1.33632116E9,662171.0,1094535.0
WashingMachine, 14.0,1.336321161E9,660753.0,1089969.0
WashingMachine, 14.0,1.336321162E9,656032.0,1095269.0
WashingMachine, 14.0,1.336321163E9,657383.0,1088565.0
WashingMachine, 14.0,1.336321164E9,668769.0,1103667.0
WashingMachine, 14.0,1.336321165E9,662653.0,1087712.0
WashingMachine, 14.0,1.336321166E9,667199.0,1102049.0
WashingMachine, 14.0,1.336321167E9,661934.0,1086984.0
WashingMachine, 14.0,1.336321168E9,671899.0,1101609.0
WashingMachine, 14.0,1.336321169E9,657296.0,1082948.0
WashingMachine, 14.0,1.33632117E9,660048.0,1093967.0
WashingMachine, 14.0,1.336321171E9,665092.0,1085793.0
WashingMachine, 14.0,1.336321172E9,660081.0,1094762.0
WashingMachine, 14.0,1.336321173E9,658009.0,1083005.0
WashingMachine, 14.0,1.336321174E9,662725.0,1090275.0
WashingMachine, 14.0,1.336321175E9,670278.0,1087581.0
WashingMachine, 14.0,1.336321176E9,656453.0,1088288.0
WashingMachine, 14.0,1.336321177E9,646318.0,1077872.0
WashingMachine, 14.0,1.336321178E9,605475.0,1080095.0
WashingMachine, 14.0,1.336321179E9,554376.0,1049631.0
WashingMachine, 14.0,1.33632118E9,530679.0,1059687.0
WashingMachine, 14.0,1.336321181E9,517529.0,1042957.0
WashingMachine, 14.0,1.336321182E9,518555.0,1053708.0
WashingMachine, 14.0,1.336321183E9,511314.0,1043412.0
WashingMachine, 14.0,1.336321184E9,517205.0,1053152.0
WashingMachine, 14.0,1.336321185E9,514206.0,1052319.0
WashingMachine, 14.0,1.336321186E9,510012.0,1058569.0
WashingMachine, 14.0,1.336321187E9,513951.0,1056222.0
WashingMachine, 14.0,1.336321188E9,510438.0,1061.39
WashingMachine, 14.0,1.336321189E9,513558.0,1063349.0
WashingMachine, 14.0,1.33632119E9,507312.0,1058221.0
WashingMachine, 14.0,1.336321191E9,512495.0,1059652.0
WashingMachine, 14.0,1.336321192E9,504939.0,1052079.0
WashingMachine, 14.0,1.336321193E9,507561.0,1054392.0
WashingMachine, 14.0,1.336321194E9,502833.0,1046313.0
WashingMachine, 14.0,1.336321195E9,505606.0,1052748.0
WashingMachine, 14.0,1.336321196E9,502405.0,1043568.0
WashingMachine, 14.0,1.336321199E9,506556.0,1060644.0
WashingMachine, 14.0,1.3363212E9,499102.0,1044351.0
WashingMachine, 14.0,1.336321201E9,510114.0,1068246.0
WashingMachine, 14.0,1.336321202E9,499777.0,1045356.0
WashingMachine, 14.0,1.336321203E9,505445.0,1062712.0
WashingMachine, 14.0,1.336321204E9,497388.0,1044476.0
WashingMachine, 14.0,1.336321205E9,505014.0,1063686.0
WashingMachine, 14.0,1.336321206E9,497.85,1042658.0
WashingMachine, 14.0,1.336321207E9,500695.0,1054719.0
WashingMachine, 14.0,1.336321208E9,499449.0,1045642.0
WashingMachine, 14.0,1.336321209E9,504383.0,1061647.0
WashingMachine, 14.0,1.33632121E9,498301.0,1043.64
WashingMachine, 14.0,1.336321211E9,502461.0,1057844.0
WashingMachine, 14.0,1.336321212E9,499263.0,1044615.0
WashingMachine, 14.0,1.336321213E9,501.59,1052.65
WashingMachine, 14.0,1.336321214E9,500438.0,1051353.0
WashingMachine, 14.0,1.336321216E9,502217.0,1058232.0
WashingMachine, 14.0,1.336321217E9,499824.0,1056482.0
WashingMachine, 14.0,1.336321218E9,498037.0,1052.14
WashingMachine, 14.0,1.33632122E9,502256.0,1057747.0
WashingMachine, 14.0,1.336321221E9,498.47,1052668.0
WashingMachine, 14.0,1.336321222E9,499.7,1055061.0
WashingMachine, 14.0,1.336321223E9,498036.0,1046.73
WashingMachine, 14.0,1.336321224E9,501378.0,1054707.0
WashingMachine, 14.0,1.336321225E9,495821.0,1044317.0
WashingMachine, 14.0,1.336321226E9,502707.0,1061653.0
WashingMachine, 14.0,1.336321227E9,497156.0,1045826.0
WashingMachine, 14.0,1.336321228E9,503368.0,1061586.0
WashingMachine, 14.0,1.336321229E9,497572.0,1045.78
WashingMachine, 14.0,1.33632123E9,506857.0,1067209.0
WashingMachine, 14.0,1.336321231E9,499.49,1046875.0
WashingMachine, 14.0,1.336321232E9,507515.0,1071541.0
WashingMachine, 14.0,1.336321233E9,497753.0,1042778.0
WashingMachine, 14.0,1.336321234E9,503535.0,1060224.0
WashingMachine, 14.0,1.336321235E9,496436.0,1043107.0
WashingMachine, 14.0,1.336321236E9,498926.0,1054714.0
WashingMachine, 14.0,1.336321237E9,496.17,1043936.0
WashingMachine, 14.0,1.336321238E9,500827.0,1058296.0
WashingMachine, 14.0,1.336321239E9,496114.0,1043554.0
WashingMachine, 14.0,1.33632124E9,500.12,1058747.0
WashingMachine, 14.0,1.336321241E9,497205.0,1044473.0
WashingMachine, 14.0,1.336321242E9,503.22,1060.86
WashingMachine, 14.0,1.336321243E9,499.55,1052467.0
WashingMachine, 14.0,1.336321244E9,500785.0,1060342.0
WashingMachine, 14.0,1.336321245E9,496.74,1047939.0
WashingMachine, 14.0,1.336321247E9,494102.0,1048945.0
WashingMachine, 14.0,1.336321248E9,495988.0,1051.81
WashingMachine, 14.0,1.33632125E9,494.69,1048701.0
WashingMachine, 14.0,1.336321251E9,496218.0,1052438.0
WashingMachine, 14.0,1.336321252E9,494497.0,1047.03
WashingMachine, 14.0,1.336321253E9,496756.0,1054851.0
WashingMachine, 14.0,1.336321254E9,490288.0,1044484.0
WashingMachine, 14.0,1.336321255E9,495452.0,1057871.0
WashingMachine, 14.0,1.336321256E9,491242.0,1045118.0
WashingMachine, 14.0,1.336321257E9,494767.0,1059174.0
WashingMachine, 14.0,1.336321258E9,487736.0,1042572.0
WashingMachine, 14.0,1.336321259E9,495.45,1063643.0
WashingMachine, 14.0,1.33632126E9,486395.0,1040906.0
WashingMachine, 14.0,1.336321261E9,493528.0,1064576.0
WashingMachine, 14.0,1.336321262E9,485565.0,1040052.0
WashingMachine, 14.0,1.336321263E9,494704.0,1062.72
WashingMachine, 14.0,1.336321264E9,487697.0,1040251.0
WashingMachine, 14.0,1.336321265E9,494253.0,1061.28
WashingMachine, 14.0,1.336321266E9,488493.0,1042.82
WashingMachine, 14.0,1.336321267E9,496309.0,1064617.0
WashingMachine, 14.0,1.336321268E9,487983.0,1039721.0
WashingMachine, 14.0,1.336321269E9,492733.0,1058866.0
WashingMachine, 14.0,1.33632127E9,487177.0,1040783.0
WashingMachine, 14.0,1.336321271E9,493368.0,1055167.0
WashingMachine, 14.0,1.336321272E9,488617.0,1046642.0
WashingMachine, 14.0,1.336321274E9,487495.0,1043862.0
WashingMachine, 14.0,1.336321275E9,491051.0,1053189.0
WashingMachine, 14.0,1.336321276E9,489199.0,1047705.0
WashingMachine, 14.0,1.336321281E9,485101.0,1043411.0
WashingMachine, 14.0,1.336321282E9,491221.0,1056855.0
WashingMachine, 14.0,1.336321283E9,487336.0,1051038.0
WashingMachine, 14.0,1.336321284E9,490.39,1059.76
WashingMachine, 14.0,1.336321285E9,484229.0,1045514.0
WashingMachine, 14.0,1.336321286E9,489737.0,1056059.0
WashingMachine, 14.0,1.336321287E9,485237.0,1042056.0
WashingMachine, 14.0,1.336321288E9,491092.0,1061.33
WashingMachine, 14.0,1.336321289E9,484725.0,1041382.0
WashingMachine, 14.0,1.33632129E9,494356.0,1063562.0
WashingMachine, 14.0,1.336321291E9,485544.0,1040787.0
WashingMachine, 14.0,1.336321292E9,491177.0,1063.69
WashingMachine, 14.0,1.336321293E9,484667.0,1036955.0
WashingMachine, 14.0,1.336321294E9,496892.0,1071431.0
WashingMachine, 14.0,1.336321295E9,486218.0,1043362.0
WashingMachine, 14.0,1.336321296E9,490985.0,1065269.0
WashingMachine, 14.0,1.336321297E9,484641.0,1043542.0
WashingMachine, 14.0,1.336321298E9,491678.0,1062112.0
WashingMachine, 14.0,1.336321299E9,484934.0,1041512.0
WashingMachine, 14.0,1.3363213E9,489821.0,1059304.0
WashingMachine, 14.0,1.336321301E9,485431.0,1042802.0
WashingMachine, 14.0,1.336321302E9,490059.0,1059002.0
WashingMachine, 14.0,1.336321303E9,486586.0,1049827.0
WashingMachine, 14.0,1.336321304E9,488.47,1059224.0
WashingMachine, 14.0,1.336321306E9,490051.0,1057473.0
WashingMachine, 14.0,1.336321307E9,487535.0,1052515.0
WashingMachine, 14.0,1.336321309E9,488796.0,1057809.0
WashingMachine, 14.0,1.33632131E9,486374.0,1054077.0
WashingMachine, 14.0,1.336321312E9,483814.0,1050.39
WashingMachine, 14.0,1.336321313E9,489254.0,1060149.0
WashingMachine, 14.0,1.336321314E9,485323.0,1051053.0
WashingMachine, 14.0,1.336321315E9,488082.0,1062763.0
WashingMachine, 14.0,1.336321316E9,483653.0,1049318.0
WashingMachine, 14.0,1.336321317E9,490068.0,1063001.0
WashingMachine, 14.0,1.336321318E9,483556.0,1046249.0
WashingMachine, 14.0,1.336321319E9,488232.0,1063591.0
WashingMachine, 14.0,1.33632132E9,482989.0,1047269.0
WashingMachine, 14.0,1.336321321E9,491.05,1068454.0
WashingMachine, 14.0,1.336321322E9,481.87,1047417.0
WashingMachine, 14.0,1.336321323E9,488827.0,1070547.0
WashingMachine, 14.0,1.336321324E9,482268.0,1047329.0
WashingMachine, 14.0,1.336321325E9,491595.0,1072526.0
WashingMachine, 14.0,1.336321326E9,484116.0,1048249.0
WashingMachine, 14.0,1.336321327E9,490571.0,1071592.0
WashingMachine, 14.0,1.336321328E9,483752.0,1048473.0
WashingMachine, 14.0,1.336321329E9,489.43,1066.86
WashingMachine, 14.0,1.33632133E9,482872.0,1049.95
WashingMachine, 14.0,1.336321331E9,488004.0,1064987.0
WashingMachine, 14.0,1.336321332E9,483541.0,1050026.0
WashingMachine, 14.0,1.336321333E9,486455.0,1058983.0
WashingMachine, 14.0,1.336321334E9,483447.0,1051143.0
WashingMachine, 14.0,1.336321337E9,484029.0,1054696.0
WashingMachine, 14.0,1.336321339E9,483607.0,1057488.0
WashingMachine, 14.0,1.336321341E9,485403.0,1059025.0
WashingMachine, 14.0,1.336321342E9,487699.0,1065925.0
WashingMachine, 14.0,1.336321343E9,483766.0,1056423.0
WashingMachine, 14.0,1.336321344E9,484828.0,1056839.0
WashingMachine, 14.0,1.336321345E9,483136.0,1051339.0
WashingMachine, 14.0,1.336321347E9,479.31,1044651.0
WashingMachine, 14.0,1.336321348E9,484671.0,1055299.0
WashingMachine, 14.0,1.336321349E9,478671.0,1041254.0
WashingMachine, 14.0,1.33632135E9,481.99,1050557.0
WashingMachine, 14.0,1.336321351E9,479349.0,1042229.0
WashingMachine, 14.0,1.336321352E9,482642.0,1051298.0
WashingMachine, 14.0,1.336321353E9,478.44,1041462.0
WashingMachine, 14.0,1.336321354E9,482669.0,1057378.0
WashingMachine, 14.0,1.336321355E9,477823.0,1041195.0
WashingMachine, 14.0,1.336321356E9,486.72,1064096.0
WashingMachine, 14.0,1.336321357E9,481137.0,1047394.0
WashingMachine, 14.0,1.336321358E9,486229.0,1066135.0
WashingMachine, 14.0,1.336321359E9,481853.0,1048.19
WashingMachine, 14.0,1.33632136E9,486605.0,1061189.0
WashingMachine, 14.0,1.336321361E9,482057.0,1046838.0
WashingMachine, 14.0,1.336321362E9,484424.0,1058046.0
WashingMachine, 14.0,1.336321363E9,481777.0,1044199.0
WashingMachine, 14.0,1.336321364E9,484584.0,1052.25
WashingMachine, 14.0,1.336321365E9,482253.0,1045761.0
WashingMachine, 14.0,1.336321366E9,483254.0,1051906.0
WashingMachine, 14.0,1.336321369E9,485672.0,1055771.0
WashingMachine, 14.0,1.336321371E9,489778.0,1070198.0
WashingMachine, 14.0,1.336321372E9,486379.0,1068342.0
WashingMachine, 14.0,1.336321373E9,488433.0,1079962.0
WashingMachine, 14.0,1.336321374E9,483582.0,1064031.0
WashingMachine, 14.0,1.336321375E9,488797.0,1076496.0
WashingMachine, 14.0,1.336321376E9,482322.0,1056879.0
WashingMachine, 14.0,1.336321377E9,487186.0,1071898.0
WashingMachine, 14.0,1.336321378E9,479854.0,1051829.0
WashingMachine, 14.0,1.336321379E9,485.64,1065572.0
WashingMachine, 14.0,1.33632138E9,480146.0,1050.74
WashingMachine, 14.0,1.336321381E9,484603.0,1066352.0
WashingMachine, 14.0,1.336321382E9,480123.0,1050529.0
WashingMachine, 14.0,1.336321383E9,486266.0,1065419.0
WashingMachine, 14.0,1.336321384E9,480498.0,1050573.0
WashingMachine, 14.0,1.336321385E9,485431.0,1069047.0
WashingMachine, 14.0,1.336321386E9,480585.0,1051717.0
WashingMachine, 14.0,1.336321387E9,487131.0,1071078.0
WashingMachine, 14.0,1.336321388E9,482825.0,1059424.0
WashingMachine, 14.0,1.336321389E9,488135.0,1078653.0
WashingMachine, 14.0,1.33632139E9,483164.0,1063148.0
WashingMachine, 14.0,1.336321391E9,488368.0,1076933.0
WashingMachine, 14.0,1.336321392E9,485289.0,1068655.0
WashingMachine, 14.0,1.336321394E9,482157.0,1062586.0
WashingMachine, 14.0,1.336321395E9,484193.0,1066955.0
WashingMachine, 14.0,1.336321397E9,482205.0,1063638.0
WashingMachine, 14.0,1.336321398E9,483606.0,1064873.0
WashingMachine, 14.0,1.3363214E9,484672.0,1068217.0
WashingMachine, 14.0,1.336321401E9,481.02,1062201.0
WashingMachine, 14.0,1.336321402E9,484845.0,1067.85
WashingMachine, 14.0,1.336321403E9,481663.0,1058154.0
WashingMachine, 14.0,1.336321404E9,485092.0,1068019.0
WashingMachine, 14.0,1.336321405E9,478993.0,1053843.0
WashingMachine, 14.0,1.336321406E9,486714.0,1073619.0
WashingMachine, 14.0,1.336321407E9,481658.0,1058249.0
WashingMachine, 14.0,1.336321408E9,487513.0,1078604.0
WashingMachine, 14.0,1.336321409E9,480181.0,1058213.0
WashingMachine, 14.0,1.33632141E9,489417.0,1082209.0
WashingMachine, 14.0,1.336321411E9,481106.0,1056137.0
WashingMachine, 14.0,1.336321412E9,487325.0,1076201.0
WashingMachine, 14.0,1.336321413E9,479687.0,1054403.0
WashingMachine, 14.0,1.336321414E9,486366.0,1070375.0
WashingMachine, 14.0,1.336321415E9,481639.0,1054293.0
WashingMachine, 14.0,1.336321416E9,485722.0,1071208.0
WashingMachine, 14.0,1.336321417E9,480772.0,1054652.0
WashingMachine, 14.0,1.336321418E9,489462.0,1079925.0
WashingMachine, 14.0,1.336321419E9,484495.0,1063.27
WashingMachine, 14.0,1.33632142E9,488804.0,1081.65
WashingMachine, 14.0,1.336321421E9,484918.0,1063.15
WashingMachine, 14.0,1.336321422E9,488473.0,1077252.0
WashingMachine, 14.0,1.336321423E9,483834.0,1063523.0
WashingMachine, 14.0,1.336321425E9,482301.0,1060209.0
WashingMachine, 14.0,1.336321426E9,484709.0,1064392.0
WashingMachine, 14.0,1.336321427E9,483251.0,1061135.0
WashingMachine, 14.0,1.336321429E9,484699.0,1067637.0
WashingMachine, 14.0,1.336321431E9,487755.0,1076745.0
WashingMachine, 14.0,1.336321432E9,483.7,1068519.0
WashingMachine, 14.0,1.336321433E9,486.83,1075223.0
WashingMachine, 14.0,1.336321434E9,482.91,1063406.0
WashingMachine, 14.0,1.336321435E9,488978.0,1079562.0
WashingMachine, 14.0,1.336321436E9,483.12,1065067.0
WashingMachine, 14.0,1.336321437E9,488987.0,1078107.0
WashingMachine, 14.0,1.336321438E9,482365.0,1057583.0
WashingMachine, 14.0,1.336321439E9,488.07,1074691.0
WashingMachine, 14.0,1.33632144E9,480746.0,1055896.0
WashingMachine, 14.0,1.336321441E9,487298.0,1073806.0
WashingMachine, 14.0,1.336321442E9,481565.0,1056.0
WashingMachine, 14.0,1.336321443E9,488271.0,1079527.0
WashingMachine, 14.0,1.336321444E9,478435.0,1055907.0
WashingMachine, 14.0,1.336321445E9,487552.0,1081428.0
WashingMachine, 14.0,1.336321446E9,479644.0,1055192.0
WashingMachine, 14.0,1.336321447E9,485378.0,1078.64
WashingMachine, 14.0,1.336321448E9,477478.0,1053522.0
WashingMachine, 14.0,1.336321449E9,484774.0,1072566.0
WashingMachine, 14.0,1.33632145E9,481334.0,1060228.0
WashingMachine, 14.0,1.336321451E9,485478.0,1079063.0
WashingMachine, 14.0,1.336321452E9,480033.0,1062813.0
WashingMachine, 14.0,1.336321453E9,484512.0,1073791.0
WashingMachine, 14.0,1.336321454E9,481647.0,1063119.0
WashingMachine, 14.0,1.336321455E9,92118.0,462633.0
WashingMachine, 14.0,1.336321456E9,2852.0,3174.0
WashingMachine, 14.0,1.336321462E9,845.0,1986.0
WashingMachine, 14.0,1.336323248E9,3399.0,5383.0
WashingMachine, 14.0,1.33632325E9,4.98,6516.0
WashingMachine, 14.0,1.336323607E9,735577.0,1404441.0
WashingMachine, 14.0,1.336323609E9,627.68,1136044.0
WashingMachine, 14.0,1.33632361E9,623361.0,1114084.0
WashingMachine, 14.0,1.336323612E9,627745.0,1121646.0
WashingMachine, 14.0,1.336323614E9,636004.0,1129907.0
WashingMachine, 14.0,1.336323615E9,630578.0,1128327.0
WashingMachine, 14.0,1.336323616E9,654457.0,1140378.0
WashingMachine, 14.0,1.336323617E9,633712.0,1121986.0
WashingMachine, 14.0,1.336323619E9,631146.0,1122785.0
WashingMachine, 14.0,1.33632362E9,627239.0,1119032.0
WashingMachine, 14.0,1.336323622E9,616815.0,1111928.0
WashingMachine, 14.0,1.336323623E9,628412.0,1124346.0
WashingMachine, 14.0,1.336323625E9,638.3,1126493.0
WashingMachine, 14.0,1.336323626E9,630164.0,1122364.0
WashingMachine, 14.0,1.336323628E9,638712.0,1128163.0
WashingMachine, 14.0,1.336323629E9,645665.0,1134139.0
WashingMachine, 14.0,1.336323631E9,652.19,1127114.0
WashingMachine, 14.0,1.336323632E9,638984.0,1119272.0
WashingMachine, 14.0,1.336323633E9,634507.0,1121526.0
WashingMachine, 14.0,1.336323635E9,625937.0,1121.33
WashingMachine, 14.0,1.336323636E9,608609.0,1111738.0
WashingMachine, 14.0,1.336323638E9,617114.0,1115285.0
WashingMachine, 14.0,1.336323639E9,600029.0,1103799.0
WashingMachine, 14.0,1.336323641E9,612673.0,1111584.0
WashingMachine, 14.0,1.336323647E9,643897.0,1122469.0
WashingMachine, 14.0,1.336323649E9,627003.0,1116427.0
WashingMachine, 14.0,1.33632365E9,620641.0,1113386.0
WashingMachine, 14.0,1.336323651E9,618236.0,1110797.0
WashingMachine, 14.0,1.336323653E9,641693.0,1120825.0
WashingMachine, 14.0,1.336323654E9,646056.0,1125479.0
WashingMachine, 14.0,1.336323655E9,638241.0,1121727.0
WashingMachine, 14.0,1.336323656E9,644.54,1124261.0
WashingMachine, 14.0,1.336323658E9,662991.0,1135131.0
WashingMachine, 14.0,1.336323659E9,656896.0,1126.6
WashingMachine, 14.0,1.336323661E9,650376.0,1126318.0
WashingMachine, 14.0,1.336323662E9,654392.0,1130658.0
WashingMachine, 14.0,1.336323664E9,666892.0,1139168.0
WashingMachine, 14.0,1.336323665E9,679176.0,1140226.0
WashingMachine, 14.0,1.336323667E9,663.77,1132475.0
WashingMachine, 14.0,1.336323668E9,659676.0,1132671.0
WashingMachine, 14.0,1.33632367E9,672302.0,1133201.0
WashingMachine, 14.0,1.336323671E9,694965.0,1142775.0
WashingMachine, 14.0,1.336323673E9,682075.0,1139771.0
WashingMachine, 14.0,1.336323674E9,671249.0,1134513.0
WashingMachine, 14.0,1.336323676E9,668727.0,1130219.0
WashingMachine, 14.0,1.336323677E9,688992.0,1137601.0
WashingMachine, 14.0,1.336323679E9,670107.0,1132154.0
WashingMachine, 14.0,1.33632368E9,690.79,1145644.0
WashingMachine, 14.0,1.336323682E9,709332.0,1148648.0
WashingMachine, 14.0,1.336323683E9,719065.0,1157712.0
WashingMachine, 14.0,1.336323685E9,699334.0,1147042.0
WashingMachine, 14.0,1.336323686E9,690533.0,1139991.0
WashingMachine, 14.0,1.336323688E9,703928.0,1148223.0
WashingMachine, 14.0,1.336323689E9,690034.0,1141297.0
WashingMachine, 14.0,1.33632369E9,697221.0,1147783.0
WashingMachine, 14.0,1.336323692E9,681103.0,1129522.0
WashingMachine, 14.0,1.336323693E9,678806.0,1128819.0
WashingMachine, 14.0,1.336323694E9,645253.0,1111573.0
WashingMachine, 14.0,1.336323696E9,612002.0,1090.05
WashingMachine, 14.0,1.336323697E9,614232.0,1091264.0
WashingMachine, 14.0,1.336323698E9,620497.0,1098451.0
WashingMachine, 14.0,1.336323699E9,627771.0,1100321.0
WashingMachine, 14.0,1.336323701E9,634694.0,1106573.0
WashingMachine, 14.0,1.336323702E9,640338.0,1111651.0
WashingMachine, 14.0,1.336323704E9,669482.0,1131233.0
WashingMachine, 14.0,1.336323705E9,695487.0,1140608.0
WashingMachine, 14.0,1.336323706E9,687874.0,1135033.0
WashingMachine, 14.0,1.336323708E9,684372.0,1133799.0
WashingMachine, 14.0,1.336323709E9,692117.0,1136946.0
WashingMachine, 14.0,1.336323711E9,679759.0,1123944.0
WashingMachine, 14.0,1.336323715E9,664672.0,1122796.0
WashingMachine, 14.0,1.336323717E9,675127.0,1126279.0
WashingMachine, 14.0,1.336323718E9,646701.0,1110569.0
WashingMachine, 14.0,1.33632372E9,635295.0,1101379.0
WashingMachine, 14.0,1.336323723E9,644446.0,1099852.0
WashingMachine, 14.0,1.336323725E9,639706.0,1102752.0
WashingMachine, 14.0,1.336323726E9,649092.0,1113839.0
WashingMachine, 14.0,1.336323728E9,666237.0,1123796.0
WashingMachine, 14.0,1.336323729E9,681064.0,1129881.0
WashingMachine, 14.0,1.336323731E9,663633.0,1121872.0
WashingMachine, 14.0,1.336323732E9,669907.0,1126805.0
WashingMachine, 14.0,1.336323734E9,657954.0,1116131.0
WashingMachine, 14.0,1.336323737E9,640996.0,1105531.0
WashingMachine, 14.0,1.336323744E9,673866.0,1128396.0
WashingMachine, 14.0,1.336323747E9,676274.0,1124081.0
WashingMachine, 14.0,1.336323748E9,666111.0,1120992.0
WashingMachine, 14.0,1.33632375E9,686024.0,1136688.0
WashingMachine, 14.0,1.336323751E9,712859.0,1149522.0
WashingMachine, 14.0,1.336323753E9,700936.0,1145526.0
WashingMachine, 14.0,1.336323754E9,694808.0,1141494.0
WashingMachine, 14.0,1.336323755E9,713393.0,1158821.0
WashingMachine, 14.0,1.336323757E9,702463.0,1142665.0
WashingMachine, 14.0,1.336323758E9,677235.0,1127776.0
WashingMachine, 14.0,1.336323761E9,684842.0,1125309.0
WashingMachine, 14.0,1.336323763E9,678615.0,1127541.0
WashingMachine, 14.0,1.336323764E9,669.23,1120104.0
WashingMachine, 14.0,1.336323765E9,667607.0,1120695.0
WashingMachine, 14.0,1.336323767E9,683249.0,1119068.0
WashingMachine, 14.0,1.336323768E9,677073.0,1121477.0
WashingMachine, 14.0,1.33632377E9,686882.0,1132161.0
WashingMachine, 14.0,1.336323771E9,692786.0,1134892.0
WashingMachine, 14.0,1.336323773E9,698584.0,1132719.0
WashingMachine, 14.0,1.336323775E9,685369.0,1129687.0
WashingMachine, 14.0,1.336323776E9,687.58,1132487.0
WashingMachine, 14.0,1.336323777E9,713953.0,1144228.0
WashingMachine, 14.0,1.336323778E9,705354.0,1140586.0
WashingMachine, 14.0,1.33632378E9,695094.0,1134306.0
WashingMachine, 14.0,1.336323781E9,692.73,1130818.0
WashingMachine, 14.0,1.336323783E9,684399.0,1116.96
WashingMachine, 14.0,1.336323785E9,678738.0,1117352.0
WashingMachine, 14.0,1.336323786E9,668375.0,1109054.0
WashingMachine, 14.0,1.336323787E9,685348.0,1120907.0
WashingMachine, 14.0,1.336323789E9,665466.0,1111502.0
WashingMachine, 14.0,1.33632379E9,670838.0,1116486.0
WashingMachine, 14.0,1.336323792E9,679899.0,1121056.0
WashingMachine, 14.0,1.336323793E9,685468.0,1119119.0
WashingMachine, 14.0,1.336323795E9,666805.0,1112747.0
WashingMachine, 14.0,1.336323797E9,667823.0,1113276.0
WashingMachine, 14.0,1.336323798E9,689983.0,1120.59
WashingMachine, 14.0,1.336323799E9,702661.0,1134624.0
WashingMachine, 14.0,1.3363238E9,685615.0,1127643.0
WashingMachine, 14.0,1.336323801E9,698423.0,1134859.0
WashingMachine, 14.0,1.336323803E9,709481.0,1134758.0
WashingMachine, 14.0,1.336323804E9,719207.0,1143988.0
WashingMachine, 14.0,1.336323805E9,699142.0,1135109.0
WashingMachine, 14.0,1.336323806E9,707544.0,1141122.0
WashingMachine, 14.0,1.336323808E9,710947.0,1133608.0
WashingMachine, 14.0,1.336323809E9,705523.0,1134314.0
WashingMachine, 14.0,1.336323811E9,694.08,1129036.0
WashingMachine, 14.0,1.336323812E9,722.2,1147565.0
WashingMachine, 14.0,1.336323814E9,717.92,1147016.0
WashingMachine, 14.0,1.336323815E9,719659.0,1149909.0
WashingMachine, 14.0,1.336323816E9,709.06,1142494.0
WashingMachine, 14.0,1.336323818E9,721512.0,1148753.0
WashingMachine, 14.0,1.33632382E9,715903.0,1148337.0
WashingMachine, 14.0,1.336323821E9,717.35,1143131.0
WashingMachine, 14.0,1.336323823E9,736579.0,1159.52
WashingMachine, 14.0,1.336323824E9,705.82,1138858.0
WashingMachine, 14.0,1.336323826E9,720.33,1142908.0
WashingMachine, 14.0,1.336323827E9,704769.0,1138938.0
WashingMachine, 14.0,1.336323829E9,673938.0,1118421.0
WashingMachine, 14.0,1.33632383E9,682.67,1125463.0
WashingMachine, 14.0,1.336323831E9,686693.0,1120758.0
WashingMachine, 14.0,1.336323833E9,670431.0,1113175.0
WashingMachine, 14.0,1.336323834E9,662014.0,1108297.0
WashingMachine, 14.0,1.336323836E9,671318.0,1114368.0
WashingMachine, 14.0,1.336323837E9,654595.0,1100809.0
WashingMachine, 14.0,1.33632384E9,648346.0,1104891.0
WashingMachine, 14.0,1.336323842E9,674725.0,1116171.0
WashingMachine, 14.0,1.336323843E9,664059.0,1109123.0
WashingMachine, 14.0,1.336323845E9,650096.0,1105439.0
WashingMachine, 14.0,1.336323846E9,646846.0,1101965.0
WashingMachine, 14.0,1.336323847E9,658.91,1108013.0
WashingMachine, 14.0,1.336323849E9,676149.0,1119493.0
WashingMachine, 14.0,1.336323851E9,672264.0,1119465.0
WashingMachine, 14.0,1.336323852E9,677168.0,1122.0
WashingMachine, 14.0,1.336323854E9,681721.0,1120724.0
WashingMachine, 14.0,1.336323855E9,661248.0,1110757.0
WashingMachine, 14.0,1.336323857E9,669053.0,1119763.0
WashingMachine, 14.0,1.336323859E9,683949.0,1120588.0
WashingMachine, 14.0,1.33632386E9,674122.0,1116837.0
WashingMachine, 14.0,1.336323862E9,678238.0,1119611.0
WashingMachine, 14.0,1.336323863E9,688.41,1120013.0
WashingMachine, 14.0,1.336323864E9,677086.0,1114578.0
WashingMachine, 14.0,1.336323866E9,654144.0,1105018.0
WashingMachine, 14.0,1.336323867E9,652088.0,1104785.0
WashingMachine, 14.0,1.336323869E9,676085.0,1111564.0
WashingMachine, 14.0,1.33632387E9,659735.0,1105625.0
WashingMachine, 14.0,1.336323872E9,649101.0,1100843.0
WashingMachine, 14.0,1.336323873E9,646669.0,1101716.0
WashingMachine, 14.0,1.336323874E9,658777.0,1103159.0
WashingMachine, 14.0,1.336323876E9,641851.0,1093422.0
WashingMachine, 14.0,1.336323878E9,638978.0,1093.65
WashingMachine, 14.0,1.33632388E9,666046.0,1107.38
WashingMachine, 14.0,1.336323882E9,651262.0,1105879.0
WashingMachine, 14.0,1.336323883E9,659145.0,1117847.0
WashingMachine, 14.0,1.336323885E9,670902.0,1124214.0
WashingMachine, 14.0,1.336323886E9,673677.0,1119208.0
WashingMachine, 14.0,1.336323887E9,666059.0,1120722.0
WashingMachine, 14.0,1.336323888E9,662099.0,1118841.0
WashingMachine, 14.0,1.33632389E9,647061.0,1112945.0
WashingMachine, 14.0,1.336323891E9,658148.0,1112326.0
WashingMachine, 14.0,1.336323892E9,651107.0,1106267.0
WashingMachine, 14.0,1.336323893E9,646873.0,1107833.0
WashingMachine, 14.0,1.336323895E9,643849.0,1108623.0
WashingMachine, 14.0,1.336323896E9,646511.0,1109608.0
WashingMachine, 14.0,1.336323901E9,644043.0,1107904.0
WashingMachine, 14.0,1.336323902E9,651042.0,1111.31
WashingMachine, 14.0,1.336323904E9,648819.0,1105373.0
WashingMachine, 14.0,1.336323905E9,637466.0,1099263.0
WashingMachine, 14.0,1.336323907E9,641437.0,1106395.0
WashingMachine, 14.0,1.336323908E9,658186.0,1115079.0
WashingMachine, 14.0,1.33632391E9,678237.0,1127412.0
WashingMachine, 14.0,1.336323912E9,655492.0,1114553.0
WashingMachine, 14.0,1.336323913E9,660243.0,1119359.0
WashingMachine, 14.0,1.336323915E9,652242.0,1110167.0
WashingMachine, 14.0,1.336323918E9,658979.0,1116012.0
WashingMachine, 14.0,1.33632392E9,661.12,1112465.0
WashingMachine, 14.0,1.336323922E9,654295.0,1114442.0
WashingMachine, 14.0,1.336323923E9,645211.0,1106856.0
WashingMachine, 14.0,1.336323925E9,655785.0,1110085.0
WashingMachine, 14.0,1.336323926E9,660298.0,1111908.0
WashingMachine, 14.0,1.336323927E9,653883.0,1109874.0
WashingMachine, 14.0,1.336323929E9,647451.0,1111709.0
WashingMachine, 14.0,1.33632393E9,641165.0,1105544.0
WashingMachine, 14.0,1.336323932E9,659464.0,1109071.0
WashingMachine, 14.0,1.336323933E9,658415.0,1113.1
WashingMachine, 14.0,1.336323935E9,656654.0,1116.16
WashingMachine, 14.0,1.336323936E9,660409.0,1117417.0
WashingMachine, 14.0,1.336323937E9,687577.0,1139.02
WashingMachine, 14.0,1.336323939E9,675605.0,1165.0
WashingMachine, 14.0,1.336323941E9,678384.0,1166379.0
WashingMachine, 14.0,1.336323942E9,680363.0,1161382.0
WashingMachine, 14.0,1.336323945E9,675351.0,1160444.0
WashingMachine, 14.0,1.33632395E9,673495.0,1158591.0
WashingMachine, 14.0,1.336323951E9,679032.0,1167288.0
WashingMachine, 14.0,1.336323953E9,677365.0,1168381.0
WashingMachine, 14.0,1.336323955E9,666991.0,1158582.0
WashingMachine, 14.0,1.336323956E9,660.58,1157153.0
WashingMachine, 14.0,1.336323957E9,642942.0,1146735.0
WashingMachine, 14.0,1.33632396E9,657324.0,1148077.0
WashingMachine, 14.0,1.336323962E9,3.03,3366.0
WashingMachine, 14.0,1.336323966E9,695981.0,1355305.0
WashingMachine, 14.0,1.336323967E9,476337.0,968277.0
WashingMachine, 14.0,1.336323969E9,465.98,961155.0
WashingMachine, 14.0,1.33632397E9,461256.0,960185.0
WashingMachine, 14.0,1.336323973E9,456513.0,961507.0
WashingMachine, 14.0,1.336323974E9,462129.0,963.31
WashingMachine, 14.0,1.336323975E9,455275.0,962.14
WashingMachine, 14.0,1.336323977E9,457162.0,960525.0
WashingMachine, 14.0,1.336323979E9,460039.0,960541.0
WashingMachine, 14.0,1.33632398E9,452544.0,958739.0
WashingMachine, 14.0,1.336323986E9,456.86,957039.0
WashingMachine, 14.0,1.336323989E9,455.82,956108.0
WashingMachine, 14.0,1.336323992E9,458508.0,955993.0
WashingMachine, 14.0,1.336323994E9,454597.0,952.29
WashingMachine, 14.0,1.336323997E9,459178.0,955433.0
WashingMachine, 14.0,1.336323998E9,457172.0,956254.0
WashingMachine, 14.0,1.336323999E9,455774.0,951998.0
WashingMachine, 14.0,1.336324001E9,457054.0,956008.0
WashingMachine, 14.0,1.336324002E9,461664.0,955438.0
WashingMachine, 14.0,1.336324004E9,458925.0,953865.0
WashingMachine, 14.0,1.336324005E9,456017.0,942908.0
WashingMachine, 14.0,1.336324007E9,458478.0,943725.0
WashingMachine, 14.0,1.336324008E9,454658.0,941.23
WashingMachine, 14.0,1.33632401E9,457512.0,941886.0
WashingMachine, 14.0,1.336324013E9,455484.0,943656.0
WashingMachine, 14.0,1.336324016E9,456343.0,943571.0
WashingMachine, 14.0,1.336324018E9,453946.0,942677.0
WashingMachine, 14.0,1.336324019E9,457837.0,944728.0
WashingMachine, 14.0,1.33632402E9,452973.0,941402.0
WashingMachine, 14.0,1.336324021E9,455679.0,941075.0
WashingMachine, 14.0,1.336324023E9,454211.0,941653.0
WashingMachine, 14.0,1.336324026E9,455897.0,943372.0
WashingMachine, 14.0,1.336324028E9,458418.0,945949.0
WashingMachine, 14.0,1.336324029E9,456469.0,944722.0
WashingMachine, 14.0,1.33632403E9,458743.0,944.48
WashingMachine, 14.0,1.336324032E9,456985.0,943458.0
WashingMachine, 14.0,1.336324034E9,455528.0,941.21
WashingMachine, 14.0,1.336324036E9,453231.0,941573.0
WashingMachine, 14.0,1.336324037E9,457864.0,943379.0
WashingMachine, 14.0,1.336324038E9,456831.0,945045.0
WashingMachine, 14.0,1.336324043E9,444882.0,920505.0
WashingMachine, 14.0,1.336324045E9,440039.0,904287.0
WashingMachine, 14.0,1.336324047E9,443097.0,908624.0
WashingMachine, 14.0,1.336324048E9,439031.0,905668.0
WashingMachine, 14.0,1.33632405E9,440035.0,904405.0
WashingMachine, 14.0,1.336324051E9,442985.0,905381.0
WashingMachine, 14.0,1.336324052E9,441561.0,907859.0
WashingMachine, 14.0,1.336324054E9,443451.0,907522.0
WashingMachine, 14.0,1.336324056E9,444463.0,907847.0
WashingMachine, 14.0,1.336324057E9,441.13,907.06
WashingMachine, 14.0,1.336324058E9,443553.0,907379.0
WashingMachine, 14.0,1.336324059E9,440735.0,907154.0
WashingMachine, 14.0,1.336324064E9,437.47,902599.0
WashingMachine, 14.0,1.336324065E9,443343.0,906011.0
WashingMachine, 14.0,1.336324066E9,438558.0,903193.0
WashingMachine, 14.0,1.336324067E9,441133.0,907607.0
WashingMachine, 14.0,1.336324068E9,443482.0,906004.0
WashingMachine, 14.0,1.33632407E9,441924.0,901925.0
WashingMachine, 14.0,1.336324071E9,443077.0,905083.0
WashingMachine, 14.0,1.336324073E9,440615.0,904981.0
WashingMachine, 14.0,1.336324075E9,439224.0,905.59
WashingMachine, 14.0,1.336324079E9,442283.0,903521.0
WashingMachine, 14.0,1.336324082E9,437993.0,904082.0
WashingMachine, 14.0,1.336324084E9,439.9,902026.0
WashingMachine, 14.0,1.336324085E9,440902.0,904553.0
WashingMachine, 14.0,1.336324088E9,445002.0,904169.0
WashingMachine, 14.0,1.33632409E9,443501.0,901781.0
WashingMachine, 14.0,1.336324091E9,440001.0,901114.0
WashingMachine, 14.0,1.336324092E9,442168.0,903199.0
WashingMachine, 14.0,1.336324095E9,442979.0,904873.0
WashingMachine, 14.0,1.336324097E9,441509.0,904582.0
WashingMachine, 14.0,1.336324098E9,438.68,903727.0
WashingMachine, 14.0,1.336324101E9,437595.0,899009.0
WashingMachine, 14.0,1.336324103E9,435556.0,897832.0
WashingMachine, 14.0,1.336324104E9,440724.0,902242.0
WashingMachine, 14.0,1.336324107E9,439478.0,905209.0
WashingMachine, 14.0,1.336324109E9,442182.0,905927.0
WashingMachine, 14.0,1.336324111E9,443.76,905922.0
WashingMachine, 14.0,1.336324113E9,442574.0,905191.0
WashingMachine, 14.0,1.336324116E9,438398.0,901616.0
WashingMachine, 14.0,1.336324117E9,439737.0,901321.0
WashingMachine, 14.0,1.336324119E9,438279.0,901651.0
WashingMachine, 14.0,1.33632412E9,441822.0,904807.0
WashingMachine, 14.0,1.336324123E9,439616.0,904038.0
WashingMachine, 14.0,1.336324125E9,441284.0,905406.0
WashingMachine, 14.0,1.336324128E9,440548.0,901062.0
WashingMachine, 14.0,1.336324129E9,443162.0,900203.0
WashingMachine, 14.0,1.336324132E9,440508.0,904.16
WashingMachine, 14.0,1.336324133E9,442876.0,904636.0
WashingMachine, 14.0,1.336324135E9,441.21,904.38
WashingMachine, 14.0,1.336324136E9,442.49,904344.0
WashingMachine, 14.0,1.336324137E9,439667.0,903255.0
WashingMachine, 14.0,1.336324141E9,3161.0,3465.0
WashingMachine, 14.0,1.33632415E9,363472.0,1029166.0
WashingMachine, 14.0,1.336324155E9,363893.0,1028.73
WashingMachine, 14.0,1.336324163E9,364.12,1024279.0
WashingMachine, 14.0,1.336324168E9,365517.0,1024486.0
WashingMachine, 14.0,1.33632417E9,367204.0,1025531.0
WashingMachine, 14.0,1.336324175E9,368491.0,1024117.0
WashingMachine, 14.0,1.336324176E9,367038.0,1018825.0
WashingMachine, 14.0,1.336324178E9,368325.0,1018629.0
WashingMachine, 14.0,1.336324184E9,367845.0,1028321.0
WashingMachine, 14.0,1.336324187E9,368601.0,1031596.0
WashingMachine, 14.0,1.336324188E9,371073.0,1041438.0
WashingMachine, 14.0,1.336324201E9,373689.0,1045007.0
WashingMachine, 14.0,1.336324213E9,371144.0,1045361.0
WashingMachine, 14.0,1.336324215E9,365932.0,1046853.0
WashingMachine, 14.0,1.336324219E9,351625.0,1049.55
WashingMachine, 14.0,1.336324221E9,345707.0,1049893.0
WashingMachine, 14.0,1.336324222E9,347446.0,1050.09
WashingMachine, 14.0,1.336324224E9,344107.0,1052.63
WashingMachine, 14.0,1.336324225E9,350318.0,1051031.0
WashingMachine, 14.0,1.336324228E9,342236.0,1053431.0
WashingMachine, 14.0,1.33632423E9,344974.0,1053444.0
WashingMachine, 14.0,1.336324231E9,346032.0,1049.1
WashingMachine, 14.0,1.336324237E9,347917.0,1055001.0
WashingMachine, 14.0,1.336324238E9,344928.0,1055208.0
WashingMachine, 14.0,1.33632424E9,346421.0,1055707.0
WashingMachine, 14.0,1.336324243E9,344316.0,1055665.0
WashingMachine, 14.0,1.336324244E9,345765.0,1055596.0
WashingMachine, 14.0,1.336324249E9,344316.0,1052687.0
WashingMachine, 14.0,1.33632425E9,346169.0,1055252.0
WashingMachine, 14.0,1.336324264E9,345089.0,1053116.0
WashingMachine, 14.0,1.336324265E9,347264.0,1055726.0
WashingMachine, 14.0,1.336324267E9,346.16,1055701.0
WashingMachine, 14.0,1.336324276E9,343906.0,1051208.0
WashingMachine, 14.0,1.336324278E9,344977.0,1052327.0
WashingMachine, 14.0,1.336324281E9,344558.0,1055692.0
WashingMachine, 14.0,1.336324282E9,357502.0,1095204.0
WashingMachine, 14.0,1.336324284E9,363338.0,1116371.0
WashingMachine, 14.0,1.336324294E9,360661.0,1110286.0
WashingMachine, 14.0,1.336324296E9,364013.0,1113894.0
WashingMachine, 14.0,1.336324297E9,362.82,1111465.0
WashingMachine, 14.0,1.336324309E9,363238.0,1107475.0
WashingMachine, 14.0,1.33632431E9,359772.0,1096955.0
WashingMachine, 14.0,1.336324313E9,356509.0,1091666.0
WashingMachine, 14.0,1.336324314E9,358802.0,1094626.0
WashingMachine, 14.0,1.336324316E9,357743.0,1094973.0
WashingMachine, 14.0,1.336324322E9,343595.0,1071024.0
WashingMachine, 14.0,1.336324324E9,3255.0,3481.0
WashingMachine, 14.0,1.336324329E9,687274.0,1373393.0
WashingMachine, 14.0,1.336324331E9,623.58,1099591.0
WashingMachine, 14.0,1.336324332E9,629837.0,1101.03
WashingMachine, 14.0,1.336324333E9,631169.0,1101807.0
WashingMachine, 14.0,1.336324334E9,639747.0,1105111.0
WashingMachine, 14.0,1.336324335E9,643814.0,1106.43
WashingMachine, 14.0,1.336324337E9,647413.0,1108101.0
WashingMachine, 14.0,1.336324339E9,649849.0,1108181.0
WashingMachine, 14.0,1.33632434E9,654486.0,1109688.0
WashingMachine, 14.0,1.336324341E9,652569.0,1108912.0
WashingMachine, 14.0,1.336324343E9,655431.0,1109407.0
WashingMachine, 14.0,1.336324345E9,647711.0,1107607.0
WashingMachine, 14.0,1.336324346E9,654017.0,1106339.0
WashingMachine, 14.0,1.336324348E9,651398.0,1105806.0
WashingMachine, 14.0,1.33632435E9,656272.0,1109396.0
WashingMachine, 14.0,1.336324353E9,648916.0,1105776.0
WashingMachine, 14.0,1.336324355E9,652.66,1107826.0
WashingMachine, 14.0,1.336324359E9,644427.0,1102124.0
WashingMachine, 14.0,1.336324362E9,647102.0,1103795.0
WashingMachine, 14.0,1.336324364E9,642274.0,1102592.0
WashingMachine, 14.0,1.336324365E9,647823.0,1102771.0
WashingMachine, 14.0,1.336324367E9,642933.0,1102.12
WashingMachine, 14.0,1.336324368E9,644419.0,1102443.0
WashingMachine, 14.0,1.33632437E9,642891.0,1102997.0
WashingMachine, 14.0,1.336324371E9,646.64,1103947.0
WashingMachine, 14.0,1.336324373E9,641256.0,1093483.0
WashingMachine, 14.0,1.336324374E9,645493.0,1102081.0
WashingMachine, 14.0,1.336324378E9,648014.0,1103105.0
WashingMachine, 14.0,1.336324379E9,649624.0,1103563.0
WashingMachine, 14.0,1.33632438E9,644164.0,1102206.0
WashingMachine, 14.0,1.336324383E9,642812.0,1096247.0
WashingMachine, 14.0,1.336324384E9,645474.0,1099052.0
WashingMachine, 14.0,1.336324385E9,641892.0,1097234.0
WashingMachine, 14.0,1.336324386E9,645.29,1100569.0
WashingMachine, 14.0,1.336324389E9,644285.0,1099938.0
WashingMachine, 14.0,1.336324392E9,646.53,1102155.0
WashingMachine, 14.0,1.336324395E9,642659.0,1100.91
WashingMachine, 14.0,1.336324397E9,647373.0,1101726.0
WashingMachine, 14.0,1.336324399E9,643992.0,1099967.0
WashingMachine, 14.0,1.336324401E9,645009.0,1100669.0
WashingMachine, 14.0,1.336324402E9,637815.0,1079988.0
WashingMachine, 14.0,1.336324403E9,631414.0,1051254.0
WashingMachine, 14.0,1.336324405E9,626331.0,1051.1
WashingMachine, 14.0,1.336324406E9,638166.0,1056972.0
WashingMachine, 14.0,1.336324407E9,632.51,1055241.0
WashingMachine, 14.0,1.336324409E9,625448.0,1053265.0
WashingMachine, 14.0,1.33632441E9,629432.0,1053145.0
WashingMachine, 14.0,1.336324411E9,633715.0,1057189.0
WashingMachine, 14.0,1.336324413E9,628585.0,1054041.0
WashingMachine, 14.0,1.336324414E9,635048.0,1055355.0
WashingMachine, 14.0,1.336324417E9,632398.0,1055217.0
WashingMachine, 14.0,1.33632442E9,636128.0,1056915.0
WashingMachine, 14.0,1.336324421E9,630473.0,1054602.0
WashingMachine, 14.0,1.336324422E9,634718.0,1055741.0
WashingMachine, 14.0,1.336324424E9,631979.0,1054567.0
WashingMachine, 14.0,1.336324425E9,636.27,1054842.0
WashingMachine, 14.0,1.336324427E9,629088.0,1052.85
WashingMachine, 14.0,1.336324429E9,633399.0,1053586.0
WashingMachine, 14.0,1.33632443E9,631595.0,1053969.0
WashingMachine, 14.0,1.336324431E9,634016.0,1052842.0
WashingMachine, 14.0,1.336324433E9,635684.0,1053827.0
WashingMachine, 14.0,1.336324435E9,637107.0,1054723.0
WashingMachine, 14.0,1.336324438E9,640538.0,1058648.0
WashingMachine, 14.0,1.336324439E9,637677.0,1057765.0
WashingMachine, 14.0,1.336324441E9,641435.0,1058658.0
WashingMachine, 14.0,1.336324442E9,639.36,1055778.0
WashingMachine, 14.0,1.336324449E9,642368.0,1058.03
WashingMachine, 14.0,1.33632445E9,637923.0,1053692.0
WashingMachine, 14.0,1.336324452E9,639963.0,1054785.0
WashingMachine, 14.0,1.336324453E9,644359.0,1058672.0
WashingMachine, 14.0,1.336324455E9,641315.0,1058574.0
WashingMachine, 14.0,1.336324463E9,641.71,1059713.0
WashingMachine, 14.0,1.336324464E9,647192.0,1061014.0
WashingMachine, 14.0,1.336324466E9,642885.0,1057197.0
WashingMachine, 14.0,1.336324467E9,644.02,1060586.0
WashingMachine, 14.0,1.336324468E9,652815.0,1061386.0
WashingMachine, 14.0,1.336324469E9,645752.0,1061498.0
WashingMachine, 14.0,1.336324471E9,643945.0,1060401.0
WashingMachine, 14.0,1.336324473E9,636695.0,1056563.0
WashingMachine, 14.0,1.336324475E9,649428.0,1062429.0
WashingMachine, 14.0,1.336324476E9,643676.0,1058075.0
WashingMachine, 14.0,1.336324478E9,645774.0,1060065.0
WashingMachine, 14.0,1.336324479E9,652034.0,1063625.0
WashingMachine, 14.0,1.336324481E9,644.74,1060175.0
WashingMachine, 14.0,1.336324483E9,655516.0,1064251.0
WashingMachine, 14.0,1.336324484E9,648016.0,1063178.0
WashingMachine, 14.0,1.336324486E9,639.87,1061263.0
WashingMachine, 14.0,1.336324487E9,658.7,1068653.0
WashingMachine, 14.0,1.33632449E9,663.8,1071852.0
WashingMachine, 14.0,1.336324492E9,685106.0,1081812.0
WashingMachine, 14.0,1.336324493E9,629782.0,1057041.0
WashingMachine, 14.0,1.336324495E9,665951.0,1073287.0
WashingMachine, 14.0,1.336324496E9,669859.0,1074662.0
WashingMachine, 14.0,1.336324498E9,611893.0,1051822.0
WashingMachine, 14.0,1.3363245E9,304947.0,747386.0
WashingMachine, 14.0,1.336324501E9,3155.0,3405.0
WashingMachine, 14.0,1.336324506E9,7315.0,8925.0
WashingMachine, 14.0,1.336324508E9,5285.0,6779.0
WashingMachine, 14.0,1.336324833E9,2949.0,3239.0
WashingMachine, 14.0,1.336324834E9,430435.0,1114486.0
WashingMachine, 14.0,1.336324836E9,556771.0,1066896.0
WashingMachine, 14.0,1.336324837E9,568693.0,1072.49
WashingMachine, 14.0,1.336324839E9,584318.0,1081212.0
WashingMachine, 14.0,1.336324841E9,577959.0,1071324.0
WashingMachine, 14.0,1.336324842E9,586073.0,1077744.0
WashingMachine, 14.0,1.336324843E9,593152.0,1086.84
WashingMachine, 14.0,1.336324845E9,606748.0,1099666.0
WashingMachine, 14.0,1.336324846E9,602781.0,1095.38
WashingMachine, 14.0,1.336324848E9,612412.0,1098773.0
WashingMachine, 14.0,1.336324849E9,607312.0,1093433.0
WashingMachine, 14.0,1.33632485E9,603161.0,1094.48
WashingMachine, 14.0,1.336324852E9,593519.0,1088663.0
WashingMachine, 14.0,1.336324853E9,598571.0,1085526.0
WashingMachine, 14.0,1.336324855E9,601388.0,1081.56
WashingMachine, 14.0,1.336324856E9,588979.0,1085594.0
WashingMachine, 14.0,1.336324858E9,566281.0,1074744.0
WashingMachine, 14.0,1.336324859E9,576594.0,1070373.0
WashingMachine, 14.0,1.336324861E9,580288.0,1071075.0
WashingMachine, 14.0,1.336324864E9,595208.0,1130064.0
WashingMachine, 14.0,1.336324866E9,603512.0,1139103.0
WashingMachine, 14.0,1.336324868E9,606283.0,1138705.0
WashingMachine, 14.0,1.336324869E9,607305.0,1123369.0
WashingMachine, 14.0,1.33632487E9,637689.0,1142074.0
WashingMachine, 14.0,1.336324871E9,640574.0,1136.06
WashingMachine, 14.0,1.336324873E9,613785.0,1125487.0
WashingMachine, 14.0,1.336324874E9,611841.0,1133076.0
WashingMachine, 14.0,1.336324875E9,610353.0,1130579.0
WashingMachine, 14.0,1.336324876E9,616281.0,1136931.0
WashingMachine, 14.0,1.336324877E9,613.07,1131472.0
WashingMachine, 14.0,1.336324879E9,616475.0,1132227.0
WashingMachine, 14.0,1.33632488E9,620753.0,1135944.0
WashingMachine, 14.0,1.336324881E9,630128.0,1146406.0
WashingMachine, 14.0,1.336324883E9,621296.0,1140.16
WashingMachine, 14.0,1.336324884E9,627234.0,1133505.0
WashingMachine, 14.0,1.336324885E9,633766.0,1141722.0
WashingMachine, 14.0,1.336324887E9,625782.0,1144071.0
WashingMachine, 14.0,1.336324888E9,627404.0,1133171.0
WashingMachine, 14.0,1.33632489E9,619698.0,1130.21
WashingMachine, 14.0,1.336324891E9,628867.0,1145201.0
WashingMachine, 14.0,1.336324893E9,625216.0,1141379.0
WashingMachine, 14.0,1.336324894E9,607334.0,1113034.0
WashingMachine, 14.0,1.336324896E9,611032.0,1116276.0
WashingMachine, 14.0,1.336324897E9,616464.0,1130366.0
WashingMachine, 14.0,1.336324898E9,626342.0,1125491.0
WashingMachine, 14.0,1.3363249E9,632983.0,1122185.0
WashingMachine, 14.0,1.336324901E9,610651.0,1120719.0
WashingMachine, 14.0,1.336324903E9,617202.0,1129547.0
WashingMachine, 14.0,1.336324904E9,612972.0,1118775.0
WashingMachine, 14.0,1.336324906E9,610354.0,1112616.0
WashingMachine, 14.0,1.336324907E9,616892.0,1119139.0
WashingMachine, 14.0,1.336324909E9,605883.0,1115.75
WashingMachine, 14.0,1.336324911E9,600522.0,1116826.0
WashingMachine, 14.0,1.336324917E9,587297.0,1102409.0
WashingMachine, 14.0,1.336324919E9,598087.0,1107669.0
WashingMachine, 14.0,1.33632492E9,593.81,1108286.0
WashingMachine, 14.0,1.336324922E9,602011.0,1113874.0
WashingMachine, 14.0,1.336324923E9,598372.0,1103974.0
WashingMachine, 14.0,1.336324925E9,607975.0,1110922.0
WashingMachine, 14.0,1.336324927E9,585625.0,1103099.0
WashingMachine, 14.0,1.336324928E9,608213.0,1129939.0
WashingMachine, 14.0,1.33632493E9,606404.0,1128117.0
WashingMachine, 14.0,1.336324931E9,597507.0,1112097.0
WashingMachine, 14.0,1.336324932E9,593625.0,1119.84
WashingMachine, 14.0,1.336324934E9,610618.0,1121281.0
WashingMachine, 14.0,1.336324935E9,606511.0,1107764.0
WashingMachine, 14.0,1.336324937E9,617151.0,1113.21
WashingMachine, 14.0,1.336324938E9,614.86,1117414.0
WashingMachine, 14.0,1.336324943E9,625075.0,1125369.0
WashingMachine, 14.0,1.336324946E9,604.65,1108837.0
WashingMachine, 14.0,1.336324947E9,602741.0,1122555.0
WashingMachine, 14.0,1.336324948E9,598093.0,1106377.0
WashingMachine, 14.0,1.33632495E9,599645.0,1105287.0
WashingMachine, 14.0,1.336324951E9,609538.0,1124.5
WashingMachine, 14.0,1.336324953E9,612673.0,1130528.0
WashingMachine, 14.0,1.336324954E9,604583.0,1107.06
WashingMachine, 14.0,1.336324957E9,602313.0,1122.04
WashingMachine, 14.0,1.336324958E9,605083.0,1106033.0
WashingMachine, 14.0,1.33632496E9,601932.0,1103307.0
WashingMachine, 14.0,1.336324961E9,604845.0,1119988.0
WashingMachine, 14.0,1.336324963E9,615521.0,1125728.0
WashingMachine, 14.0,1.336324964E9,611281.0,1117047.0
WashingMachine, 14.0,1.336324965E9,627985.0,1129881.0
WashingMachine, 14.0,1.336324968E9,622876.0,1127966.0
WashingMachine, 14.0,1.33632497E9,610729.0,1116174.0
WashingMachine, 14.0,1.336324971E9,619015.0,1117865.0
WashingMachine, 14.0,1.336324973E9,639174.0,1117938.0
WashingMachine, 14.0,1.336324974E9,642799.0,1132538.0
WashingMachine, 14.0,1.336324976E9,637751.0,1136198.0
WashingMachine, 14.0,1.336324977E9,642648.0,1126922.0
WashingMachine, 14.0,1.336324979E9,646787.0,1122051.0
WashingMachine, 14.0,1.33632498E9,658833.0,1143.02
WashingMachine, 14.0,1.336324982E9,644.69,1139953.0
WashingMachine, 14.0,1.336324985E9,651444.0,1121.27
WashingMachine, 14.0,1.336324987E9,638927.0,1118.25
WashingMachine, 14.0,1.336324988E9,657941.0,1139675.0
WashingMachine, 14.0,1.33632499E9,649454.0,1141096.0
WashingMachine, 14.0,1.336324991E9,668082.0,1135651.0
WashingMachine, 14.0,1.336324994E9,663367.0,1145921.0
WashingMachine, 14.0,1.336324995E9,641384.0,1093494.0
WashingMachine, 14.0,1.336324997E9,644792.0,1084284.0
WashingMachine, 14.0,1.336324998E9,623421.0,1077643.0
WashingMachine, 14.0,1.336325002E9,643614.0,1090574.0
WashingMachine, 14.0,1.336325003E9,647807.0,1093281.0
WashingMachine, 14.0,1.336325004E9,641102.0,1087965.0
WashingMachine, 14.0,1.336325005E9,425379.0,893897.0
WashingMachine, 14.0,1.336325006E9,3134.0,3388.0
WashingMachine, 14.0,1.336325014E9,291851.0,966013.0
WashingMachine, 14.0,1.336325015E9,446699.0,1072288.0
WashingMachine, 14.0,1.336325016E9,358319.0,1009111.0
WashingMachine, 14.0,1.336325017E9,364698.0,1029217.0
WashingMachine, 14.0,1.33632502E9,358891.0,1006358.0
WashingMachine, 14.0,1.336325023E9,362226.0,1018023.0
WashingMachine, 14.0,1.336325028E9,363599.0,1014228.0
WashingMachine, 14.0,1.336325031E9,363343.0,1015101.0
WashingMachine, 14.0,1.336325032E9,364823.0,1022572.0
WashingMachine, 14.0,1.336325033E9,361475.0,1013365.0
WashingMachine, 14.0,1.336325034E9,363504.0,1023188.0
WashingMachine, 14.0,1.336325037E9,358.22,1009.02
WashingMachine, 14.0,1.33632504E9,364224.0,1029984.0
WashingMachine, 14.0,1.336325044E9,378.78,1079079.0
WashingMachine, 14.0,1.336325046E9,380424.0,1083.09
WashingMachine, 14.0,1.336325047E9,374447.0,1062352.0
WashingMachine, 14.0,1.33632505E9,381363.0,1085692.0
WashingMachine, 14.0,1.336325051E9,377144.0,1069761.0
WashingMachine, 14.0,1.336325054E9,380864.0,1081.36
WashingMachine, 14.0,1.336325057E9,377302.0,1069943.0
WashingMachine, 14.0,1.336325063E9,381262.0,1080086.0
WashingMachine, 14.0,1.336325066E9,377207.0,1065127.0
WashingMachine, 14.0,1.336325068E9,375548.0,1061328.0
WashingMachine, 14.0,1.336325069E9,382072.0,1082237.0
WashingMachine, 14.0,1.336325072E9,378972.0,1073817.0
WashingMachine, 14.0,1.336325075E9,383439.0,1091114.0
WashingMachine, 14.0,1.336325077E9,386677.0,1093229.0
WashingMachine, 14.0,1.336325078E9,379267.0,1077711.0
WashingMachine, 14.0,1.336325081E9,370379.0,1094845.0
WashingMachine, 14.0,1.336325084E9,359055.0,1084727.0
WashingMachine, 14.0,1.336325086E9,354761.0,1088.89
WashingMachine, 14.0,1.336325088E9,351.36,1086009.0
WashingMachine, 14.0,1.336325089E9,358172.0,1085264.0
WashingMachine, 14.0,1.336325091E9,353887.0,1088673.0
WashingMachine, 14.0,1.336325092E9,358079.0,1099303.0
WashingMachine, 14.0,1.336325094E9,354526.0,1100436.0
WashingMachine, 14.0,1.336325096E9,357612.0,1106495.0
WashingMachine, 14.0,1.336325097E9,355553.0,1090795.0
WashingMachine, 14.0,1.336325099E9,351.78,1084541.0
WashingMachine, 14.0,1.3363251E9,360805.0,1106606.0
WashingMachine, 14.0,1.336325102E9,358768.0,1099.47
WashingMachine, 14.0,1.336325103E9,352742.0,1078387.0
WashingMachine, 14.0,1.336325104E9,358136.0,1097802.0
WashingMachine, 14.0,1.336325106E9,361.19,1103714.0
WashingMachine, 14.0,1.336325109E9,355088.0,1088188.0
WashingMachine, 14.0,1.336325112E9,359152.0,1101772.0
WashingMachine, 14.0,1.336325114E9,356926.0,1093333.0
WashingMachine, 14.0,1.336325115E9,353455.0,1082306.0
WashingMachine, 14.0,1.33632512E9,357795.0,1094309.0
WashingMachine, 14.0,1.336325124E9,353.43,1084981.0
WashingMachine, 14.0,1.336325127E9,357751.0,1098783.0
WashingMachine, 14.0,1.336325128E9,352295.0,1081016.0
WashingMachine, 14.0,1.336325131E9,357291.0,1101996.0
WashingMachine, 14.0,1.336325132E9,351349.0,1077488.0
WashingMachine, 14.0,1.336325133E9,354982.0,1095138.0
WashingMachine, 14.0,1.336325134E9,352208.0,1077329.0
WashingMachine, 14.0,1.336325135E9,358163.0,1098662.0
WashingMachine, 14.0,1.336325138E9,353.19,1081877.0
WashingMachine, 14.0,1.336325139E9,360012.0,1105515.0
WashingMachine, 14.0,1.33632514E9,355269.0,1087551.0
WashingMachine, 14.0,1.336325141E9,361121.0,1109218.0
WashingMachine, 14.0,1.336325142E9,356913.0,1092744.0
WashingMachine, 14.0,1.336325147E9,355553.0,1093656.0
WashingMachine, 14.0,1.336325148E9,354547.0,1085715.0
WashingMachine, 14.0,1.33632515E9,352971.0,1084314.0
WashingMachine, 14.0,1.336325152E9,356229.0,1089129.0
WashingMachine, 14.0,1.336325154E9,359539.0,1101121.0
WashingMachine, 14.0,1.336325155E9,354811.0,1089711.0
WashingMachine, 14.0,1.336325158E9,360164.0,1104277.0
WashingMachine, 14.0,1.336325159E9,352868.0,1080902.0
WashingMachine, 14.0,1.336325161E9,351.47,1077444.0
WashingMachine, 14.0,1.336325162E9,360155.0,1105648.0
WashingMachine, 14.0,1.336325164E9,361965.0,1111692.0
WashingMachine, 14.0,1.336325165E9,353785.0,1082868.0
WashingMachine, 14.0,1.336325167E9,335976.0,1023044.0
WashingMachine, 14.0,1.336325168E9,340152.0,1036635.0
WashingMachine, 14.0,1.33632517E9,342717.0,1030417.0
WashingMachine, 14.0,1.336325172E9,340755.0,1035944.0
WashingMachine, 14.0,1.336325173E9,336926.0,1025697.0
WashingMachine, 14.0,1.336325174E9,339.72,1035.31
WashingMachine, 14.0,1.336325181E9,340548.0,1039874.0
WashingMachine, 14.0,1.336325182E9,339288.0,1036305.0
WashingMachine, 14.0,1.336325184E9,337366.0,1029.22
WashingMachine, 14.0,1.336325185E9,340674.0,1037737.0
WashingMachine, 14.0,1.336325186E9,335.77,1029277.0
WashingMachine, 14.0,1.336325188E9,2823.0,3117.0
WashingMachine, 14.0,1.336325195E9,890116.0,1486854.0
WashingMachine, 14.0,1.336325196E9,626358.0,1041439.0
WashingMachine, 14.0,1.336325198E9,627914.0,1051.49
WashingMachine, 14.0,1.336325199E9,636081.0,1065595.0
WashingMachine, 14.0,1.3363252E9,639.09,1052.62
WashingMachine, 14.0,1.336325203E9,641382.0,1059.32
WashingMachine, 14.0,1.336325205E9,646153.0,1060497.0
WashingMachine, 14.0,1.336325206E9,643.33,1051639.0
WashingMachine, 14.0,1.336325208E9,647855.0,1057422.0
WashingMachine, 14.0,1.336325209E9,634379.0,1053445.0
WashingMachine, 14.0,1.33632521E9,643618.0,1058202.0
WashingMachine, 14.0,1.336325212E9,632.69,1050108.0
WashingMachine, 14.0,1.336325213E9,645385.0,1051832.0
WashingMachine, 14.0,1.336325215E9,653084.0,1089506.0
WashingMachine, 14.0,1.336325216E9,635363.0,1092457.0
WashingMachine, 14.0,1.336325218E9,630803.0,1093251.0
WashingMachine, 14.0,1.336325219E9,635834.0,1082265.0
WashingMachine, 14.0,1.33632522E9,643.83,1097957.0
WashingMachine, 14.0,1.336325222E9,645437.0,1102482.0
WashingMachine, 14.0,1.336325223E9,633481.0,1081454.0
WashingMachine, 14.0,1.336325225E9,644183.0,1084397.0
WashingMachine, 14.0,1.336325227E9,639.42,1084824.0
WashingMachine, 14.0,1.336325229E9,637814.0,1085948.0
WashingMachine, 14.0,1.336325231E9,634535.0,1081475.0
WashingMachine, 14.0,1.336325232E9,640287.0,1096185.0
WashingMachine, 14.0,1.336325234E9,638818.0,1095692.0
WashingMachine, 14.0,1.336325235E9,634935.0,1086327.0
WashingMachine, 14.0,1.336325237E9,640.25,1096508.0
WashingMachine, 14.0,1.336325245E9,637044.0,1099.96
WashingMachine, 14.0,1.336325246E9,639559.0,1091938.0
WashingMachine, 14.0,1.336325247E9,637317.0,1099743.0
WashingMachine, 14.0,1.33632525E9,629455.0,1084248.0
WashingMachine, 14.0,1.336325251E9,644094.0,1105429.0
WashingMachine, 14.0,1.336325253E9,638652.0,1099715.0
WashingMachine, 14.0,1.336325255E9,634403.0,1096.09
WashingMachine, 14.0,1.336325256E9,638028.0,1080947.0
WashingMachine, 14.0,1.336325257E9,630324.0,1103168.0
WashingMachine, 14.0,1.336325259E9,633188.0,1102496.0
WashingMachine, 14.0,1.33632526E9,630423.0,1084422.0
WashingMachine, 14.0,1.336325262E9,632428.0,1085564.0
WashingMachine, 14.0,1.336325263E9,637.32,1099535.0
WashingMachine, 14.0,1.336325265E9,634067.0,1095769.0
WashingMachine, 14.0,1.336325266E9,635878.0,1087.53
WashingMachine, 14.0,1.336325269E9,633349.0,1086.05
WashingMachine, 14.0,1.336325271E9,634762.0,1087536.0
WashingMachine, 14.0,1.336325273E9,638805.0,1090189.0
WashingMachine, 14.0,1.336325275E9,633513.0,1088723.0
WashingMachine, 14.0,1.336325277E9,632553.0,1086167.0
WashingMachine, 14.0,1.336325278E9,630801.0,1092938.0
WashingMachine, 14.0,1.33632528E9,624917.0,1092244.0
WashingMachine, 14.0,1.336325281E9,622.55,1075073.0
WashingMachine, 14.0,1.336325283E9,624561.0,1077929.0
WashingMachine, 14.0,1.336325286E9,632759.0,1096876.0
WashingMachine, 14.0,1.336325288E9,624513.0,1081289.0
WashingMachine, 14.0,1.336325289E9,631401.0,1075992.0
WashingMachine, 14.0,1.33632529E9,618407.0,1085374.0
WashingMachine, 14.0,1.336325292E9,634135.0,1091.38
WashingMachine, 14.0,1.336325293E9,616358.0,1074339.0
WashingMachine, 14.0,1.336325295E9,627082.0,1079084.0
WashingMachine, 14.0,1.336325298E9,631776.0,1093308.0
WashingMachine, 14.0,1.3363253E9,628938.0,1087355.0
WashingMachine, 14.0,1.336325303E9,627074.0,1086085.0
WashingMachine, 14.0,1.336325307E9,630056.0,1087571.0
WashingMachine, 14.0,1.336325308E9,628692.0,1083153.0
WashingMachine, 14.0,1.33632531E9,625764.0,1080973.0
WashingMachine, 14.0,1.336325311E9,630361.0,1094453.0
WashingMachine, 14.0,1.336325314E9,624269.0,1074443.0
WashingMachine, 14.0,1.336325315E9,630329.0,1091807.0
WashingMachine, 14.0,1.336325317E9,631977.0,1085522.0
WashingMachine, 14.0,1.336325318E9,625483.0,1073719.0
WashingMachine, 14.0,1.33632532E9,627789.0,1075408.0
WashingMachine, 14.0,1.336325321E9,630436.0,1094019.0
WashingMachine, 14.0,1.336325323E9,631695.0,1094659.0
WashingMachine, 14.0,1.336325329E9,632647.0,1087408.0
WashingMachine, 14.0,1.336325332E9,619691.0,1034053.0
WashingMachine, 14.0,1.336325333E9,614855.0,1034906.0
WashingMachine, 14.0,1.336325335E9,620773.0,1038387.0
WashingMachine, 14.0,1.336325336E9,623281.0,1041624.0
WashingMachine, 14.0,1.336325341E9,620.34,1034402.0
WashingMachine, 14.0,1.336325342E9,627124.0,1046043.0
WashingMachine, 14.0,1.336325344E9,625644.0,1045424.0
WashingMachine, 14.0,1.336325345E9,622693.0,1031345.0
WashingMachine, 14.0,1.336325347E9,623856.0,1031279.0
WashingMachine, 14.0,1.336325348E9,630333.0,1051672.0
WashingMachine, 14.0,1.33632535E9,628147.0,1051918.0
WashingMachine, 14.0,1.336325353E9,631309.0,1038365.0
WashingMachine, 14.0,1.336325355E9,634504.0,1041866.0
WashingMachine, 14.0,1.336325356E9,628569.0,1050976.0
WashingMachine, 14.0,1.336325359E9,627378.0,1039176.0
WashingMachine, 14.0,1.336325361E9,630987.0,1042147.0
WashingMachine, 14.0,1.336325362E9,633103.0,1051592.0
WashingMachine, 14.0,1.336325365E9,632573.0,1045115.0
WashingMachine, 14.0,1.336325366E9,629238.0,1040274.0
WashingMachine, 14.0,1.336325368E9,632011.0,1040678.0
WashingMachine, 14.0,1.33632537E9,633238.0,1039084.0
WashingMachine, 14.0,1.336325371E9,629934.0,1053667.0
WashingMachine, 14.0,1.336325372E9,636147.0,1049843.0
WashingMachine, 14.0,1.336325374E9,633012.0,1046086.0
WashingMachine, 14.0,1.336325375E9,641.0,1063792.0
WashingMachine, 14.0,1.336325377E9,632395.0,1063145.0
WashingMachine, 14.0,1.336325378E9,624622.0,1041634.0
WashingMachine, 14.0,1.33632538E9,626304.0,1041808.0
WashingMachine, 14.0,1.336325386E9,624438.0,1043349.0
WashingMachine, 14.0,1.336325387E9,634859.0,1060823.0
WashingMachine, 14.0,1.336325389E9,637077.0,1062933.0
WashingMachine, 14.0,1.33632539E9,624996.0,1049698.0
WashingMachine, 14.0,1.336325392E9,613433.0,1043629.0
WashingMachine, 14.0,1.336325393E9,648.55,1060567.0
WashingMachine, 14.0,1.336325395E9,610613.0,1043993.0
WashingMachine, 14.0,1.336325396E9,653892.0,1057182.0
WashingMachine, 14.0,1.336325397E9,616357.0,1043147.0
WashingMachine, 14.0,1.336325399E9,610315.0,1038808.0
WashingMachine, 14.0,1.336325401E9,602403.0,1035724.0
WashingMachine, 14.0,1.336325402E9,617499.0,1047016.0
WashingMachine, 14.0,1.336325403E9,615361.0,1038946.0
WashingMachine, 14.0,1.336325405E9,599962.0,1041.08
WashingMachine, 14.0,1.336325406E9,606439.0,1054462.0
WashingMachine, 14.0,1.336325407E9,591594.0,1035783.0
WashingMachine, 14.0,1.336325408E9,601.12,1054142.0
WashingMachine, 14.0,1.336325409E9,591707.0,1035462.0
WashingMachine, 14.0,1.336325415E9,582.71,1028604.0
WashingMachine, 14.0,1.336325417E9,575148.0,1027783.0
WashingMachine, 14.0,1.336325418E9,581986.0,1044017.0
WashingMachine, 14.0,1.336325419E9,570612.0,1030002.0
WashingMachine, 14.0,1.336325422E9,577284.0,1042.83
WashingMachine, 14.0,1.336325424E9,575718.0,1037583.0
WashingMachine, 14.0,1.336325426E9,572181.0,1034134.0
WashingMachine, 14.0,1.336325428E9,570052.0,1034119.0
WashingMachine, 14.0,1.336325429E9,567382.0,1035594.0
WashingMachine, 14.0,1.336325432E9,565.98,1036097.0
WashingMachine, 14.0,1.336325434E9,561518.0,1030171.0
WashingMachine, 14.0,1.336325435E9,565103.0,1038.2
WashingMachine, 14.0,1.336325437E9,562196.0,1032.92
WashingMachine, 14.0,1.336325438E9,556859.0,1022866.0
WashingMachine, 14.0,1.33632544E9,554458.0,1022306.0
WashingMachine, 14.0,1.336325441E9,557795.0,1036294.0
WashingMachine, 14.0,1.336325443E9,560028.0,1040466.0
WashingMachine, 14.0,1.336325444E9,551381.0,1020972.0
WashingMachine, 14.0,1.336325449E9,557413.0,1044605.0
WashingMachine, 14.0,1.336325451E9,556.22,1041497.0
WashingMachine, 14.0,1.336325452E9,550567.0,1026476.0
WashingMachine, 14.0,1.336325454E9,548.72,1023.77
WashingMachine, 14.0,1.336325455E9,551699.0,1036355.0
WashingMachine, 14.0,1.336325457E9,548683.0,1030887.0
WashingMachine, 14.0,1.336325458E9,550256.0,1033.72
WashingMachine, 14.0,1.33632546E9,562081.0,1077959.0
WashingMachine, 14.0,1.336325463E9,557513.0,1076057.0
WashingMachine, 14.0,1.336325464E9,560936.0,1082348.0
WashingMachine, 14.0,1.336325466E9,562768.0,1090338.0
WashingMachine, 14.0,1.336325467E9,557323.0,1075935.0
WashingMachine, 14.0,1.336325469E9,554923.0,1074577.0
WashingMachine, 14.0,1.336325471E9,553614.0,1074204.0
WashingMachine, 14.0,1.336325472E9,560772.0,1091746.0
WashingMachine, 14.0,1.336325474E9,557649.0,1087.03
WashingMachine, 14.0,1.336325476E9,554734.0,1080842.0
WashingMachine, 14.0,1.336325477E9,549457.0,1067596.0
WashingMachine, 14.0,1.33632548E9,558596.0,1098076.0
WashingMachine, 14.0,1.336325481E9,549591.0,1073024.0
WashingMachine, 14.0,1.336325483E9,548431.0,1072317.0
WashingMachine, 14.0,1.336325484E9,554094.0,1089785.0
WashingMachine, 14.0,1.336325487E9,549965.0,1078673.0
WashingMachine, 14.0,1.336325489E9,547538.0,1073863.0
WashingMachine, 14.0,1.336325493E9,545016.0,1064836.0
WashingMachine, 14.0,1.336325496E9,543332.0,1061815.0
WashingMachine, 14.0,1.336325497E9,546542.0,1067687.0
WashingMachine, 14.0,1.336325499E9,548416.0,1074555.0
WashingMachine, 14.0,1.3363255E9,542.75,1062104.0
WashingMachine, 14.0,1.336325502E9,541188.0,1057671.0
WashingMachine, 14.0,1.336325505E9,547818.0,1077.18
WashingMachine, 14.0,1.336325506E9,539166.0,1056.02
WashingMachine, 14.0,1.336325509E9,546309.0,1076328.0
WashingMachine, 14.0,1.33632551E9,538583.0,1059351.0
WashingMachine, 14.0,1.336325513E9,544925.0,1079243.0
WashingMachine, 14.0,1.336325516E9,537849.0,1058982.0
WashingMachine, 14.0,1.336325518E9,536777.0,1055999.0
WashingMachine, 14.0,1.336325519E9,540719.0,1067088.0
WashingMachine, 14.0,1.336325529E9,537493.0,1065555.0
WashingMachine, 14.0,1.33632553E9,542508.0,1074879.0
WashingMachine, 14.0,1.336325532E9,538943.0,1072132.0
WashingMachine, 14.0,1.336325534E9,540175.0,1071854.0
WashingMachine, 14.0,1.336325535E9,534753.0,1056527.0
WashingMachine, 14.0,1.336325538E9,539242.0,1070921.0
WashingMachine, 14.0,1.33632554E9,542941.0,1079686.0
WashingMachine, 14.0,1.336325541E9,533871.0,1056503.0
WashingMachine, 14.0,1.336325544E9,543528.0,1086.1
WashingMachine, 14.0,1.336325546E9,119519.0,502709.0
WashingMachine, 14.0,1.336325548E9,3167.0,3.45
