KitchenLights, 18.0,1.336295772E9,2605.0,8285.0
KitchenLights, 18.0,1.336295784E9,3208.0,8.83
KitchenLights, 18.0,1.336295794E9,3254.0,8881.0
KitchenLights, 18.0,1.336295795E9,2207.0,8339.0
KitchenLights, 18.0,1.336295825E9,3317.0,8892.0
KitchenLights, 18.0,1.336295826E9,2.31,8276.0
KitchenLights, 18.0,1.336295872E9,2479.0,8.59
KitchenLights, 18.0,1.336295875E9,3977.0,9696.0
KitchenLights, 18.0,1.336295876E9,2538.0,8855.0
KitchenLights, 18.0,1.336295942E9,2213.0,8272.0
KitchenLights, 18.0,1.336295947E9,3433.0,8934.0
KitchenLights, 18.0,1.336295948E9,2422.0,8495.0
KitchenLights, 18.0,1.33629597E9,3288.0,9469.0
KitchenLights, 18.0,1.336295973E9,2129.0,8504.0
KitchenLights, 18.0,1.336295974E9,3144.0,8922.0
KitchenLights, 18.0,1.336296004E9,2193.0,8505.0
KitchenLights, 18.0,1.336296071E9,3412.0,8546.0
KitchenLights, 18.0,1.336296267E9,3209.0,9404.0
KitchenLights, 18.0,1.3362963E9,3283.0,8359.0
KitchenLights, 18.0,1.336296301E9,2207.0,8235.0
KitchenLights, 18.0,1.336296511E9,2207.0,8374.0
KitchenLights, 18.0,1.336297982E9,1166.0,9531.0
KitchenLights, 18.0,1.336297983E9,3061.0,8864.0
KitchenLights, 18.0,1.336299042E9,1919.0,8522.0
KitchenLights, 18.0,1.336299479E9,2061.0,8525.0
KitchenLights, 18.0,1.336299503E9,2945.0,8764.0
KitchenLights, 18.0,1.336299722E9,3177.0,8753.0
KitchenLights, 18.0,1.336299723E9,2053.0,8548.0
KitchenLights, 18.0,1.336299817E9,3065.0,8841.0
KitchenLights, 18.0,1.336299818E9,1998.0,8555.0
KitchenLights, 18.0,1.33629985E9,3.14,8.68
KitchenLights, 18.0,1.336299851E9,1983.0,8448.0
KitchenLights, 18.0,1.336299887E9,3234.0,9.1
KitchenLights, 18.0,1.336299888E9,1956.0,8485.0
KitchenLights, 18.0,1.336300167E9,3073.0,8686.0
KitchenLights, 18.0,1.33630017E9,2007.0,8443.0
KitchenLights, 18.0,1.336300198E9,2991.0,8847.0
KitchenLights, 18.0,1.336300199E9,1907.0,8.5
KitchenLights, 18.0,1.336300202E9,3083.0,8673.0
KitchenLights, 18.0,1.336300203E9,1971.0,8736.0
KitchenLights, 18.0,1.336300239E9,2316.0,8258.0
KitchenLights, 18.0,1.33630024E9,1162.0,8.12
KitchenLights, 18.0,1.336300241E9,2798.0,9153.0
KitchenLights, 18.0,1.336300242E9,1182.0,8199.0
KitchenLights, 18.0,1.336300309E9,3172.0,8658.0
KitchenLights, 18.0,1.336303055E9,3439.0,8496.0
KitchenLights, 18.0,1.336303056E9,2267.0,8364.0
KitchenLights, 18.0,1.336303088E9,3.23,8644.0
KitchenLights, 18.0,1.336303266E9,3861.0,9638.0
KitchenLights, 18.0,1.336303267E9,2367.0,8445.0
KitchenLights, 18.0,1.336303271E9,2207.0,8061.0
KitchenLights, 18.0,1.336303388E9,3225.0,8601.0
KitchenLights, 18.0,1.33630359E9,3301.0,8341.0
KitchenLights, 18.0,1.336303591E9,2207.0,8179.0
KitchenLights, 18.0,1.336303695E9,3.37,8376.0
KitchenLights, 18.0,1.336303696E9,2324.0,8181.0
KitchenLights, 18.0,1.336303698E9,2.16,8122.0
KitchenLights, 18.0,1.336303891E9,258.0,8991.0
KitchenLights, 18.0,1.336303892E9,2221.0,8653.0
KitchenLights, 18.0,1.336303912E9,1.88,8452.0
KitchenLights, 18.0,1.336303948E9,3074.0,8587.0
KitchenLights, 18.0,1.336303949E9,1939.0,8392.0
KitchenLights, 18.0,1.33630395E9,2996.0,8561.0
KitchenLights, 18.0,1.336303951E9,1901.0,8385.0
KitchenLights, 18.0,1.336306886E9,2.27,8365.0
KitchenLights, 18.0,1.336306977E9,2327.0,8752.0
KitchenLights, 18.0,1.33630701E9,2287.0,8345.0
KitchenLights, 18.0,1.336307073E9,3284.0,8576.0
KitchenLights, 18.0,1.336307104E9,3356.0,8567.0
KitchenLights, 18.0,1.336307201E9,3269.0,8.52
KitchenLights, 18.0,1.336307267E9,3297.0,8632.0
KitchenLights, 18.0,1.336307405E9,3.25,8647.0
KitchenLights, 18.0,1.336307406E9,2164.0,8342.0
KitchenLights, 18.0,1.336307618E9,2112.0,8546.0
KitchenLights, 18.0,1.336307621E9,3133.0,8589.0
KitchenLights, 18.0,1.336308925E9,1587.0,8852.0
KitchenLights, 18.0,1.336308926E9,3156.0,8764.0
KitchenLights, 18.0,1.336310467E9,3241.0,9495.0
KitchenLights, 18.0,1.336310552E9,2574.0,8202.0
KitchenLights, 18.0,1.336310555E9,1627.0,8.09
KitchenLights, 18.0,1.336310772E9,1899.0,8458.0
KitchenLights, 18.0,1.336310961E9,2992.0,8705.0
KitchenLights, 18.0,1.336311003E9,1.95,8514.0
KitchenLights, 18.0,1.33631128E9,3031.0,8665.0
KitchenLights, 18.0,1.336313903E9,1892.0,7886.0
KitchenLights, 18.0,1.336313933E9,2796.0,8013.0
KitchenLights, 18.0,1.33631396E9,2845.0,7894.0
KitchenLights, 18.0,1.336313961E9,1838.0,7864.0
KitchenLights, 18.0,1.336313985E9,564.0,8514.0
KitchenLights, 18.0,1.336314047E9,2897.0,8552.0
KitchenLights, 18.0,1.336314049E9,3147.0,8604.0
KitchenLights, 18.0,1.33631405E9,2053.0,8344.0
KitchenLights, 18.0,1.336314081E9,1847.0,8235.0
KitchenLights, 18.0,1.336314105E9,2861.0,8879.0
KitchenLights, 18.0,1.336314106E9,1782.0,8315.0
KitchenLights, 18.0,1.336314111E9,2915.0,8683.0
KitchenLights, 18.0,1.336314112E9,1827.0,8307.0
KitchenLights, 18.0,1.336314142E9,3071.0,8756.0
KitchenLights, 18.0,1.336314169E9,3005.0,9013.0
KitchenLights, 18.0,1.33631417E9,1976.0,8568.0
KitchenLights, 18.0,1.336314192E9,2963.0,8489.0
KitchenLights, 18.0,1.336314225E9,2828.0,8444.0
KitchenLights, 18.0,1.336314317E9,1876.0,8252.0
KitchenLights, 18.0,1.336314324E9,2965.0,8496.0
KitchenLights, 18.0,1.336314351E9,2.87,8507.0
KitchenLights, 18.0,1.33631438E9,2996.0,8564.0
KitchenLights, 18.0,1.336314381E9,1955.0,8348.0
KitchenLights, 18.0,1.336314382E9,3038.0,8602.0
KitchenLights, 18.0,1.336314383E9,1818.0,8419.0
KitchenLights, 18.0,1.336314409E9,3051.0,8557.0
KitchenLights, 18.0,1.33631441E9,2.02,8301.0
KitchenLights, 18.0,1.336314412E9,1916.0,8313.0
KitchenLights, 18.0,1.336314474E9,1881.0,8383.0
KitchenLights, 18.0,1.336314507E9,1844.0,8622.0
KitchenLights, 18.0,1.336314508E9,2888.0,8612.0
KitchenLights, 18.0,1.336314509E9,1872.0,8522.0
KitchenLights, 18.0,1.33631451E9,2955.0,8773.0
KitchenLights, 18.0,1.336314569E9,2046.0,8553.0
KitchenLights, 18.0,1.33631457E9,3091.0,9013.0
KitchenLights, 18.0,1.336314603E9,2865.0,8736.0
KitchenLights, 18.0,1.336314606E9,1921.0,8525.0
KitchenLights, 18.0,1.336314608E9,1845.0,8507.0
KitchenLights, 18.0,1.33631471E9,3411.0,9558.0
KitchenLights, 18.0,1.336314711E9,2.1,8.56
KitchenLights, 18.0,1.336314712E9,3218.0,8819.0
KitchenLights, 18.0,1.336314743E9,3017.0,8.67
KitchenLights, 18.0,1.336314744E9,1997.0,8391.0
KitchenLights, 18.0,1.336314812E9,1889.0,8354.0
KitchenLights, 18.0,1.336314841E9,1839.0,8.39
KitchenLights, 18.0,1.336314844E9,2917.0,8569.0
KitchenLights, 18.0,1.336314845E9,1864.0,8342.0
KitchenLights, 18.0,1.336314882E9,1882.0,8338.0
KitchenLights, 18.0,1.336314883E9,2937.0,8551.0
KitchenLights, 18.0,1.336314912E9,3015.0,8546.0
KitchenLights, 18.0,1.336314913E9,1987.0,8443.0
KitchenLights, 18.0,1.336314915E9,1905.0,8414.0
KitchenLights, 18.0,1.336314947E9,3019.0,8608.0
KitchenLights, 18.0,1.336314951E9,3105.0,9212.0
KitchenLights, 18.0,1.336314952E9,1.91,8414.0
KitchenLights, 18.0,1.336314986E9,3016.0,8547.0
KitchenLights, 18.0,1.336314987E9,1955.0,8397.0
KitchenLights, 18.0,1.33631499E9,3008.0,8568.0
KitchenLights, 18.0,1.336317522E9,2126.0,8121.0
KitchenLights, 18.0,1.336317647E9,3282.0,8321.0
KitchenLights, 18.0,1.336317672E9,3442.0,8803.0
KitchenLights, 18.0,1.336317673E9,2184.0,8426.0
KitchenLights, 18.0,1.336317705E9,3262.0,8327.0
KitchenLights, 18.0,1.336317706E9,2.24,8108.0
KitchenLights, 18.0,1.336317709E9,807.0,8921.0
KitchenLights, 18.0,1.33631771E9,2099.0,8451.0
KitchenLights, 18.0,1.336317732E9,3019.0,8476.0
KitchenLights, 18.0,1.336317733E9,1866.0,8336.0
KitchenLights, 18.0,1.336317734E9,3022.0,8606.0
KitchenLights, 18.0,1.336317735E9,2.02,8366.0
KitchenLights, 18.0,1.336317792E9,3.15,8626.0
KitchenLights, 18.0,1.336317827E9,3042.0,9038.0
KitchenLights, 18.0,1.336317849E9,2001.0,8464.0
KitchenLights, 18.0,1.336317852E9,2996.0,8533.0
KitchenLights, 18.0,1.336317853E9,1847.0,8.3
KitchenLights, 18.0,1.336317859E9,1993.0,8461.0
KitchenLights, 18.0,1.336317973E9,1947.0,8606.0
KitchenLights, 18.0,1.336318032E9,2.94,8531.0
KitchenLights, 18.0,1.336318037E9,1837.0,8287.0
KitchenLights, 18.0,1.336318066E9,1.85,8378.0
KitchenLights, 18.0,1.336318067E9,3029.0,8592.0
KitchenLights, 18.0,1.336318101E9,1808.0,8543.0
KitchenLights, 18.0,1.336318129E9,3081.0,8737.0
KitchenLights, 18.0,1.336318132E9,1884.0,8294.0
KitchenLights, 18.0,1.336318162E9,3012.0,8506.0
KitchenLights, 18.0,1.336318163E9,1988.0,8413.0
KitchenLights, 18.0,1.336318164E9,3057.0,8556.0
KitchenLights, 18.0,1.336318165E9,1899.0,8429.0
KitchenLights, 18.0,1.33631823E9,3113.0,8701.0
KitchenLights, 18.0,1.336318262E9,1937.0,8711.0
KitchenLights, 18.0,1.336318323E9,3091.0,8539.0
KitchenLights, 18.0,1.336318326E9,2037.0,8.43
KitchenLights, 18.0,1.336318328E9,1892.0,8435.0
KitchenLights, 18.0,1.33631836E9,3135.0,8638.0
KitchenLights, 18.0,1.336318361E9,1948.0,8.35
KitchenLights, 18.0,1.336318363E9,1.84,8366.0
KitchenLights, 18.0,1.336318394E9,1874.0,8.33
KitchenLights, 18.0,1.336318497E9,1913.0,8324.0
KitchenLights, 18.0,1.336318533E9,3045.0,8681.0
KitchenLights, 18.0,1.336318534E9,2016.0,8459.0
KitchenLights, 18.0,1.336318536E9,1926.0,8464.0
KitchenLights, 18.0,1.336318561E9,2017.0,8.63
KitchenLights, 18.0,1.336318568E9,3035.0,8619.0
KitchenLights, 18.0,1.336318569E9,2019.0,8479.0
KitchenLights, 18.0,1.336318571E9,1931.0,8406.0
KitchenLights, 18.0,1.33631864E9,2905.0,8483.0
KitchenLights, 18.0,1.336318641E9,1901.0,8341.0
KitchenLights, 18.0,1.33631867E9,2067.0,8543.0
KitchenLights, 18.0,1.336318674E9,1867.0,8.35
KitchenLights, 18.0,1.336318712E9,2.92,8759.0
KitchenLights, 18.0,1.336318713E9,1915.0,8.3
KitchenLights, 18.0,1.336318714E9,2973.0,8.51
KitchenLights, 18.0,1.336321169E9,1875.0,8631.0
KitchenLights, 18.0,1.336321261E9,2856.0,8659.0
KitchenLights, 18.0,1.336321264E9,1713.0,8468.0
KitchenLights, 18.0,1.336321265E9,2737.0,8.79
KitchenLights, 18.0,1.336321268E9,1802.0,8573.0
KitchenLights, 18.0,1.336321294E9,2974.0,8709.0
KitchenLights, 18.0,1.336321295E9,1867.0,8.25
KitchenLights, 18.0,1.336321325E9,2857.0,8827.0
KitchenLights, 18.0,1.336321326E9,1801.0,8419.0
KitchenLights, 18.0,1.336321359E9,1797.0,8476.0
KitchenLights, 18.0,1.336321418E9,2938.0,8828.0
KitchenLights, 18.0,1.336321473E9,1883.0,8162.0
KitchenLights, 18.0,1.336321474E9,2915.0,8685.0
KitchenLights, 18.0,1.336321501E9,3246.0,9309.0
KitchenLights, 18.0,1.336321502E9,1913.0,8674.0
KitchenLights, 18.0,1.336321565E9,3065.0,8.51
KitchenLights, 18.0,1.336321566E9,1909.0,8266.0
KitchenLights, 18.0,1.336321627E9,2943.0,8591.0
KitchenLights, 18.0,1.336321628E9,1883.0,8521.0
KitchenLights, 18.0,1.336321661E9,1946.0,8192.0
KitchenLights, 18.0,1.336321751E9,2997.0,8463.0
KitchenLights, 18.0,1.336321752E9,1971.0,8448.0
KitchenLights, 18.0,1.336321787E9,1923.0,8314.0
KitchenLights, 18.0,1.336321816E9,1839.0,8642.0
KitchenLights, 18.0,1.33632185E9,3108.0,8844.0
KitchenLights, 18.0,1.336321851E9,2.09,8562.0
KitchenLights, 18.0,1.33632195E9,1884.0,8183.0
KitchenLights, 18.0,1.336321951E9,2897.0,8397.0
KitchenLights, 18.0,1.336321952E9,1884.0,8194.0
KitchenLights, 18.0,1.336321982E9,2968.0,8441.0
KitchenLights, 18.0,1.336321983E9,1883.0,8277.0
KitchenLights, 18.0,1.336321984E9,2943.0,8489.0
KitchenLights, 18.0,1.336321985E9,1892.0,8282.0
KitchenLights, 18.0,1.336322017E9,3076.0,8431.0
KitchenLights, 18.0,1.33632202E9,1979.0,8216.0
KitchenLights, 18.0,1.336322084E9,1895.0,8232.0
KitchenLights, 18.0,1.336322122E9,3057.0,8733.0
KitchenLights, 18.0,1.336322123E9,1982.0,8602.0
KitchenLights, 18.0,1.336322159E9,3.05,8695.0
KitchenLights, 18.0,1.336322191E9,1892.0,8387.0
KitchenLights, 18.0,1.336322225E9,3036.0,8611.0
KitchenLights, 18.0,1.336322226E9,1.95,8531.0
KitchenLights, 18.0,1.336322227E9,2978.0,8842.0
KitchenLights, 18.0,1.336322228E9,1943.0,8529.0
KitchenLights, 18.0,1.336322258E9,2886.0,8774.0
KitchenLights, 18.0,1.33632226E9,2937.0,8694.0
KitchenLights, 18.0,1.336322262E9,3072.0,8727.0
KitchenLights, 18.0,1.3363223E9,1918.0,8352.0
KitchenLights, 18.0,1.336322301E9,2986.0,8904.0
KitchenLights, 18.0,1.336322302E9,1943.0,8321.0
KitchenLights, 18.0,1.33632237E9,2097.0,8404.0
KitchenLights, 18.0,1.336322372E9,2003.0,8462.0
KitchenLights, 18.0,1.33632241E9,3127.0,8.61
KitchenLights, 18.0,1.336324954E9,1155.0,7878.0
KitchenLights, 18.0,1.336325165E9,1307.0,7908.0
KitchenLights, 18.0,1.336325228E9,2312.0,8152.0
KitchenLights, 18.0,1.336325257E9,2234.0,7885.0
KitchenLights, 18.0,1.33632548E9,2261.0,8081.0
KitchenLights, 18.0,1.336325544E9,2226.0,8142.0
KitchenLights, 18.0,1.336325575E9,2265.0,7885.0
KitchenLights, 18.0,1.336325675E9,2049.0,7825.0
KitchenLights, 18.0,1.33632571E9,2262.0,7981.0
KitchenLights, 18.0,1.336325711E9,3.35,8195.0
KitchenLights, 18.0,1.336325847E9,3304.0,8243.0
KitchenLights, 18.0,1.336325888E9,3295.0,8243.0
KitchenLights, 18.0,1.336325917E9,3.21,7868.0
KitchenLights, 18.0,1.336325918E9,2086.0,7712.0
KitchenLights, 18.0,1.336326059E9,3278.0,8.21
KitchenLights, 18.0,1.336326092E9,3287.0,8257.0
KitchenLights, 18.0,1.336326268E9,2.23,8817.0
KitchenLights, 18.0,1.336328619E9,1841.0,8551.0
KitchenLights, 18.0,1.336328622E9,3005.0,8766.0
KitchenLights, 18.0,1.336328677E9,1949.0,8272.0
KitchenLights, 18.0,1.336328705E9,2855.0,8661.0
KitchenLights, 18.0,1.336328706E9,1855.0,8296.0
KitchenLights, 18.0,1.336328732E9,2964.0,8516.0
KitchenLights, 18.0,1.336328735E9,1932.0,8361.0
KitchenLights, 18.0,1.336328737E9,1853.0,8.34
KitchenLights, 18.0,1.336328742E9,2941.0,8603.0
KitchenLights, 18.0,1.336328762E9,1846.0,8239.0
KitchenLights, 18.0,1.336328793E9,1879.0,8315.0
KitchenLights, 18.0,1.336328796E9,2914.0,8437.0
KitchenLights, 18.0,1.336328822E9,1969.0,8252.0
KitchenLights, 18.0,1.336328824E9,1846.0,8272.0
KitchenLights, 18.0,1.336328852E9,3006.0,8537.0
KitchenLights, 18.0,1.336328853E9,1817.0,8504.0
KitchenLights, 18.0,1.336328854E9,2883.0,8568.0
KitchenLights, 18.0,1.336328885E9,2985.0,8479.0
KitchenLights, 18.0,1.336328886E9,1.98,8312.0
KitchenLights, 18.0,1.336328911E9,1.9,8222.0
KitchenLights, 18.0,1.336328912E9,2929.0,8482.0
KitchenLights, 18.0,1.336328915E9,1.9,8423.0
KitchenLights, 18.0,1.336328916E9,2933.0,8451.0
KitchenLights, 18.0,1.336328917E9,1903.0,8264.0
KitchenLights, 18.0,1.336328942E9,1931.0,8477.0
KitchenLights, 18.0,1.336328973E9,1934.0,8625.0
KitchenLights, 18.0,1.336328974E9,2957.0,8892.0
KitchenLights, 18.0,1.336328975E9,1855.0,8519.0
KitchenLights, 18.0,1.336328976E9,2955.0,8783.0
KitchenLights, 18.0,1.336329003E9,3006.0,8474.0
KitchenLights, 18.0,1.336329006E9,1941.0,8314.0
KitchenLights, 18.0,1.336329007E9,3006.0,8471.0
KitchenLights, 18.0,1.336329008E9,1865.0,8385.0
KitchenLights, 18.0,1.336329034E9,2.88,8479.0
KitchenLights, 18.0,1.336329036E9,2889.0,8475.0
KitchenLights, 18.0,1.336329096E9,2982.0,8475.0
KitchenLights, 18.0,1.336329097E9,1894.0,8274.0
KitchenLights, 18.0,1.336329131E9,2896.0,8716.0
KitchenLights, 18.0,1.336329133E9,3142.0,8833.0
KitchenLights, 18.0,1.336329134E9,2067.0,8505.0
KitchenLights, 18.0,1.336329158E9,3085.0,8525.0
KitchenLights, 18.0,1.336329161E9,1967.0,8529.0
KitchenLights, 18.0,1.336329163E9,1878.0,8.25
KitchenLights, 18.0,1.336329194E9,2027.0,8243.0
KitchenLights, 18.0,1.336329196E9,1903.0,8156.0
KitchenLights, 18.0,1.336329199E9,3.02,8416.0
KitchenLights, 18.0,1.336329226E9,3.1,8481.0
KitchenLights, 18.0,1.336329229E9,2028.0,8183.0
KitchenLights, 18.0,1.33632926E9,1981.0,8366.0
KitchenLights, 18.0,1.336329261E9,3021.0,8392.0
KitchenLights, 18.0,1.33632929E9,3008.0,8446.0
KitchenLights, 18.0,1.336329291E9,1914.0,8281.0
KitchenLights, 18.0,1.336329292E9,3014.0,8437.0
KitchenLights, 18.0,1.336329293E9,1919.0,8235.0
KitchenLights, 18.0,1.336329323E9,2976.0,8.44
KitchenLights, 18.0,1.336329324E9,1924.0,8249.0
KitchenLights, 18.0,1.336329325E9,2964.0,8629.0
KitchenLights, 18.0,1.336329456E9,1957.0,8234.0
KitchenLights, 18.0,1.336329458E9,1865.0,8426.0
KitchenLights, 18.0,1.336329459E9,2867.0,8473.0
KitchenLights, 18.0,1.336329491E9,1902.0,8344.0
KitchenLights, 18.0,1.336329525E9,2909.0,8552.0
KitchenLights, 18.0,1.336329527E9,3108.0,8639.0
KitchenLights, 18.0,1.33632953E9,1961.0,8342.0
KitchenLights, 18.0,1.336329558E9,3058.0,8459.0
KitchenLights, 18.0,1.336329559E9,1989.0,8312.0
KitchenLights, 18.0,1.33632956E9,3045.0,8.54
KitchenLights, 18.0,1.336329561E9,1941.0,8307.0
KitchenLights, 18.0,1.336329562E9,2963.0,8666.0
KitchenLights, 18.0,1.336329591E9,3318.0,9209.0
KitchenLights, 18.0,1.336329592E9,2001.0,8571.0
KitchenLights, 18.0,1.33632963E9,2965.0,8547.0
KitchenLights, 18.0,1.336329631E9,1945.0,8299.0
KitchenLights, 18.0,1.336329696E9,3312.0,8994.0
KitchenLights, 18.0,1.336329697E9,2038.0,8414.0
KitchenLights, 18.0,1.336329699E9,1912.0,8317.0
KitchenLights, 18.0,1.336329702E9,2918.0,8527.0
KitchenLights, 18.0,1.336329732E9,1916.0,8293.0
KitchenLights, 18.0,1.336329741E9,3005.0,8574.0
KitchenLights, 18.0,1.336329768E9,2.86,8204.0
KitchenLights, 18.0,1.33632977E9,2931.0,8227.0
KitchenLights, 18.0,1.336329771E9,1809.0,7.97
KitchenLights, 18.0,1.336332212E9,2078.0,8361.0
KitchenLights, 18.0,1.336332213E9,3133.0,8337.0
KitchenLights, 18.0,1.336332242E9,3166.0,8316.0
KitchenLights, 18.0,1.336332243E9,2.1,8355.0
KitchenLights, 18.0,1.336332329E9,3228.0,8286.0
KitchenLights, 18.0,1.33633233E9,2191.0,8068.0
KitchenLights, 18.0,1.336332387E9,3107.0,8178.0
KitchenLights, 18.0,1.336332395E9,3263.0,8349.0
KitchenLights, 18.0,1.336332451E9,3174.0,8223.0
KitchenLights, 18.0,1.33633248E9,3189.0,8349.0
KitchenLights, 18.0,1.336332483E9,2158.0,8027.0
KitchenLights, 18.0,1.336332511E9,3265.0,8301.0
KitchenLights, 18.0,1.336332518E9,1961.0,8038.0
KitchenLights, 18.0,1.336332542E9,3322.0,8357.0
KitchenLights, 18.0,1.336332543E9,2164.0,8072.0
KitchenLights, 18.0,1.336332569E9,3153.0,8461.0
KitchenLights, 18.0,1.336332572E9,2105.0,8353.0
KitchenLights, 18.0,1.336332606E9,3285.0,8393.0
KitchenLights, 18.0,1.336332629E9,3168.0,8216.0
KitchenLights, 18.0,1.336332635E9,3254.0,8226.0
KitchenLights, 18.0,1.336332669E9,33.0,8952.0
KitchenLights, 18.0,1.33633267E9,2748.0,8633.0
KitchenLights, 18.0,1.336332693E9,2883.0,8603.0
KitchenLights, 18.0,1.336332694E9,1821.0,8308.0
KitchenLights, 18.0,1.336332697E9,2898.0,8796.0
KitchenLights, 18.0,1.336332698E9,1867.0,8271.0
KitchenLights, 18.0,1.336332726E9,2875.0,8654.0
KitchenLights, 18.0,1.336332728E9,3026.0,8839.0
KitchenLights, 18.0,1.336332729E9,1.93,8344.0
KitchenLights, 18.0,1.336332755E9,2892.0,8.92
KitchenLights, 18.0,1.336332758E9,1938.0,8478.0
KitchenLights, 18.0,1.336332759E9,3113.0,8629.0
KitchenLights, 18.0,1.33633279E9,3017.0,8826.0
KitchenLights, 18.0,1.336332791E9,1941.0,8599.0
KitchenLights, 18.0,1.336332792E9,3167.0,8707.0
KitchenLights, 18.0,1.336332793E9,2089.0,8688.0
KitchenLights, 18.0,1.336332795E9,1886.0,8492.0
KitchenLights, 18.0,1.336332822E9,1893.0,8511.0
KitchenLights, 18.0,1.336332851E9,1926.0,8277.0
KitchenLights, 18.0,1.336332915E9,1963.0,8482.0
KitchenLights, 18.0,1.336332916E9,3091.0,8615.0
KitchenLights, 18.0,1.336332917E9,2028.0,8353.0
KitchenLights, 18.0,1.336332928E9,3016.0,8649.0
KitchenLights, 18.0,1.336332952E9,1907.0,8194.0
KitchenLights, 18.0,1.336332984E9,3097.0,8642.0
KitchenLights, 18.0,1.336332985E9,2012.0,8324.0
KitchenLights, 18.0,1.336332986E9,3017.0,8505.0
KitchenLights, 18.0,1.336332987E9,1.95,8314.0
KitchenLights, 18.0,1.336332988E9,2953.0,8.55
KitchenLights, 18.0,1.336332989E9,1923.0,8.5
KitchenLights, 18.0,1.336333018E9,1919.0,8361.0
KitchenLights, 18.0,1.336333057E9,1977.0,8644.0
KitchenLights, 18.0,1.336333083E9,3076.0,8469.0
KitchenLights, 18.0,1.336333084E9,1904.0,8195.0
KitchenLights, 18.0,1.336333117E9,1886.0,8295.0
KitchenLights, 18.0,1.336333118E9,3018.0,8636.0
KitchenLights, 18.0,1.336333119E9,1888.0,8301.0
KitchenLights, 18.0,1.336333153E9,2987.0,8485.0
KitchenLights, 18.0,1.336333154E9,1872.0,8315.0
KitchenLights, 18.0,1.336333155E9,2933.0,8631.0
KitchenLights, 18.0,1.336333156E9,1.92,8355.0
KitchenLights, 18.0,1.336333187E9,2.0,8364.0
KitchenLights, 18.0,1.336333188E9,3.11,8513.0
KitchenLights, 18.0,1.336333189E9,1923.0,8374.0
KitchenLights, 18.0,1.336333221E9,3058.0,8443.0
KitchenLights, 18.0,1.336333222E9,1867.0,8349.0
KitchenLights, 18.0,1.336333223E9,2879.0,8523.0
KitchenLights, 18.0,1.336333254E9,2978.0,8572.0
KitchenLights, 18.0,1.336333257E9,1943.0,8412.0
KitchenLights, 18.0,1.336333258E9,2965.0,8599.0
KitchenLights, 18.0,1.336333291E9,2941.0,8492.0
KitchenLights, 18.0,1.336333292E9,1874.0,8481.0
KitchenLights, 18.0,1.336333293E9,2961.0,8483.0
KitchenLights, 18.0,1.336333294E9,1943.0,8299.0
KitchenLights, 18.0,1.336333326E9,3028.0,8511.0
KitchenLights, 18.0,1.336333327E9,2004.0,8.35
KitchenLights, 18.0,1.33633336E9,1882.0,8337.0
KitchenLights, 18.0,1.336333361E9,2996.0,8562.0
KitchenLights, 18.0,1.336333364E9,1845.0,8.43
KitchenLights, 18.0,1.336333397E9,1846.0,8453.0
KitchenLights, 18.0,1.336333402E9,3014.0,8.52
KitchenLights, 18.0,1.336333434E9,1858.0,8455.0
KitchenLights, 18.0,1.336335876E9,2056.0,8183.0
KitchenLights, 18.0,1.336335898E9,3245.0,8073.0
KitchenLights, 18.0,1.336335899E9,2119.0,7941.0
KitchenLights, 18.0,1.336335959E9,2146.0,7887.0
KitchenLights, 18.0,1.336335985E9,3196.0,8048.0
KitchenLights, 18.0,1.336335986E9,2088.0,7968.0
KitchenLights, 18.0,1.336336011E9,2173.0,8069.0
KitchenLights, 18.0,1.336336043E9,3167.0,8092.0
KitchenLights, 18.0,1.336336044E9,2121.0,7922.0
KitchenLights, 18.0,1.336336102E9,2107.0,7868.0
KitchenLights, 18.0,1.336336132E9,3186.0,8508.0
KitchenLights, 18.0,1.336336136E9,3327.0,8.44
KitchenLights, 18.0,1.336336162E9,2151.0,7807.0
KitchenLights, 18.0,1.336336225E9,3155.0,8028.0
KitchenLights, 18.0,1.336336252E9,3.13,8092.0
KitchenLights, 18.0,1.336336283E9,3212.0,8131.0
KitchenLights, 18.0,1.336336284E9,2114.0,7843.0
KitchenLights, 18.0,1.336336285E9,3137.0,7956.0
KitchenLights, 18.0,1.336336341E9,3262.0,8239.0
KitchenLights, 18.0,1.336336342E9,2.23,7943.0
KitchenLights, 18.0,1.336336343E9,3248.0,8152.0
KitchenLights, 18.0,1.336336344E9,2187.0,7918.0
KitchenLights, 18.0,1.336336371E9,2159.0,8093.0
KitchenLights, 18.0,1.336336372E9,3183.0,8096.0
KitchenLights, 18.0,1.336336373E9,2151.0,7926.0
KitchenLights, 18.0,1.336336434E9,3359.0,8169.0
KitchenLights, 18.0,1.336336435E9,2189.0,7924.0
KitchenLights, 18.0,1.336336466E9,2263.0,8007.0
KitchenLights, 18.0,1.336336467E9,3.37,8167.0
KitchenLights, 18.0,1.336336468E9,2115.0,7975.0
KitchenLights, 18.0,1.336336469E9,3252.0,8117.0
KitchenLights, 18.0,1.33633653E9,2.18,8.0
KitchenLights, 18.0,1.336336561E9,2.14,7972.0
KitchenLights, 18.0,1.336336594E9,2139.0,7855.0
KitchenLights, 18.0,1.336336595E9,3286.0,8234.0
KitchenLights, 18.0,1.336336598E9,2.13,7898.0
KitchenLights, 18.0,1.336336628E9,3253.0,8103.0
KitchenLights, 18.0,1.336336632E9,3256.0,8098.0
KitchenLights, 18.0,1.336336656E9,2292.0,7946.0
KitchenLights, 18.0,1.336336658E9,2111.0,7948.0
KitchenLights, 18.0,1.336336692E9,3195.0,8655.0
KitchenLights, 18.0,1.336336693E9,2094.0,7834.0
KitchenLights, 18.0,1.336336724E9,2107.0,7904.0
KitchenLights, 18.0,1.33633676E9,3328.0,8254.0
KitchenLights, 18.0,1.336336761E9,2224.0,8.01
KitchenLights, 18.0,1.33633679E9,2269.0,7979.0
KitchenLights, 18.0,1.336336791E9,3294.0,8004.0
KitchenLights, 18.0,1.336336792E9,2159.0,8048.0
KitchenLights, 18.0,1.336336793E9,3203.0,8049.0
KitchenLights, 18.0,1.336336794E9,2124.0,7818.0
KitchenLights, 18.0,1.336336826E9,3304.0,8.14
KitchenLights, 18.0,1.336336827E9,2135.0,8167.0
KitchenLights, 18.0,1.336336828E9,3214.0,8346.0
KitchenLights, 18.0,1.336336829E9,2175.0,8044.0
KitchenLights, 18.0,1.336336851E9,3497.0,9139.0
KitchenLights, 18.0,1.336336857E9,3355.0,8217.0
KitchenLights, 18.0,1.336336858E9,2276.0,7974.0
KitchenLights, 18.0,1.336336859E9,3369.0,8333.0
KitchenLights, 18.0,1.33633686E9,2269.0,8257.0
KitchenLights, 18.0,1.336336862E9,2173.0,8006.0
KitchenLights, 18.0,1.336336931E9,3243.0,8239.0
KitchenLights, 18.0,1.336336964E9,3316.0,8122.0
KitchenLights, 18.0,1.336336965E9,2.17,8202.0
KitchenLights, 18.0,1.336336997E9,3364.0,8098.0
KitchenLights, 18.0,1.336337E9,2374.0,8042.0
KitchenLights, 18.0,1.33633703E9,3269.0,8085.0
KitchenLights, 18.0,1.336337033E9,2235.0,7969.0
KitchenLights, 18.0,1.336337065E9,3267.0,8253.0
KitchenLights, 18.0,1.336337066E9,2176.0,8.01
KitchenLights, 18.0,1.336337071E9,3.37,8143.0
KitchenLights, 18.0,1.336337072E9,2.33,7904.0
KitchenLights, 18.0,1.336337089E9,478.0,8731.0
KitchenLights, 18.0,1.33633709E9,2414.0,8303.0
KitchenLights, 18.0,1.336337102E9,2858.0,7927.0
KitchenLights, 18.0,1.336337103E9,1781.0,7828.0
KitchenLights, 18.0,1.336337141E9,2927.0,8135.0
KitchenLights, 18.0,1.336339693E9,3099.0,8031.0
KitchenLights, 18.0,1.336339755E9,3.16,7857.0
KitchenLights, 18.0,1.336339756E9,2114.0,7.73
KitchenLights, 18.0,1.336339783E9,2121.0,7959.0
KitchenLights, 18.0,1.336339811E9,3074.0,7963.0
KitchenLights, 18.0,1.336339814E9,2206.0,7719.0
KitchenLights, 18.0,1.336339842E9,3218.0,7.86
KitchenLights, 18.0,1.336339843E9,2141.0,7811.0
KitchenLights, 18.0,1.336339871E9,3.21,8199.0
KitchenLights, 18.0,1.336339872E9,2.19,7959.0
KitchenLights, 18.0,1.336339873E9,3.32,8198.0
KitchenLights, 18.0,1.336339902E9,3305.0,8288.0
KitchenLights, 18.0,1.336339903E9,2188.0,7973.0
KitchenLights, 18.0,1.336339904E9,3292.0,8495.0
KitchenLights, 18.0,1.336339905E9,2229.0,8279.0
KitchenLights, 18.0,1.336339932E9,2.1,8.04
KitchenLights, 18.0,1.336339933E9,3284.0,8189.0
KitchenLights, 18.0,1.336339934E9,2199.0,7988.0
KitchenLights, 18.0,1.336339935E9,3223.0,8333.0
KitchenLights, 18.0,1.336339936E9,2.15,8181.0
KitchenLights, 18.0,1.336339966E9,3288.0,8589.0
KitchenLights, 18.0,1.336340055E9,3.2,8008.0
KitchenLights, 18.0,1.336340056E9,2125.0,7658.0
KitchenLights, 18.0,1.336340057E9,3283.0,7865.0
KitchenLights, 18.0,1.336340089E9,2086.0,7709.0
KitchenLights, 18.0,1.336340149E9,2155.0,8136.0
KitchenLights, 18.0,1.33634018E9,2279.0,7.98
KitchenLights, 18.0,1.336340182E9,2137.0,7.98
KitchenLights, 18.0,1.336340183E9,3.23,8193.0
KitchenLights, 18.0,1.336340213E9,2.27,7943.0
KitchenLights, 18.0,1.336340248E9,2067.0,7734.0
KitchenLights, 18.0,1.336340343E9,2105.0,7.69
KitchenLights, 18.0,1.336340344E9,3106.0,7918.0
KitchenLights, 18.0,1.336340345E9,2101.0,7637.0
KitchenLights, 18.0,1.336340409E9,2182.0,8255.0
KitchenLights, 18.0,1.336340412E9,3288.0,8127.0
KitchenLights, 18.0,1.336340413E9,2204.0,8088.0
KitchenLights, 18.0,1.336340447E9,3317.0,8087.0
KitchenLights, 18.0,1.336340474E9,3299.0,8172.0
KitchenLights, 18.0,1.336340475E9,2254.0,8011.0
KitchenLights, 18.0,1.33634051E9,2091.0,8205.0
KitchenLights, 18.0,1.336340511E9,3375.0,8588.0
KitchenLights, 18.0,1.336340512E9,2333.0,8.09
KitchenLights, 18.0,1.33634055E9,3148.0,7.96
KitchenLights, 18.0,1.336340576E9,2144.0,7857.0
KitchenLights, 18.0,1.336340581E9,3172.0,7912.0
KitchenLights, 18.0,1.336340615E9,2084.0,7911.0
KitchenLights, 18.0,1.336340648E9,2144.0,7847.0
KitchenLights, 18.0,1.336340687E9,2219.0,8034.0
KitchenLights, 18.0,1.336340688E9,3225.0,8151.0
KitchenLights, 18.0,1.336340689E9,2175.0,7872.0
KitchenLights, 18.0,1.336340718E9,2267.0,8064.0
KitchenLights, 18.0,1.336340722E9,2205.0,8.03
KitchenLights, 18.0,1.336340723E9,3.33,8185.0
KitchenLights, 18.0,1.336340753E9,2179.0,8043.0
KitchenLights, 18.0,1.336341135E9,713.0,8322.0
KitchenLights, 18.0,1.336341136E9,2642.0,7963.0
KitchenLights, 18.0,1.336343377E9,3054.0,8758.0
KitchenLights, 18.0,1.336343378E9,1.86,8424.0
KitchenLights, 18.0,1.336343379E9,2921.0,8827.0
KitchenLights, 18.0,1.336343438E9,2.06,8337.0
KitchenLights, 18.0,1.336343497E9,2955.0,8449.0
KitchenLights, 18.0,1.336343528E9,2964.0,8647.0
KitchenLights, 18.0,1.33634353E9,3036.0,8509.0
KitchenLights, 18.0,1.336343556E9,1928.0,8455.0
KitchenLights, 18.0,1.336343557E9,3067.0,8557.0
KitchenLights, 18.0,1.336343558E9,1872.0,8484.0
KitchenLights, 18.0,1.336343584E9,3358.0,8947.0
KitchenLights, 18.0,1.336343585E9,2273.0,8375.0
KitchenLights, 18.0,1.336343615E9,3368.0,8.9
KitchenLights, 18.0,1.336343616E9,2258.0,8573.0
KitchenLights, 18.0,1.336343618E9,1.92,8352.0
KitchenLights, 18.0,1.33634362E9,1796.0,8396.0
KitchenLights, 18.0,1.336343677E9,3.2,8.39
KitchenLights, 18.0,1.336343678E9,2194.0,8.08
KitchenLights, 18.0,1.336343679E9,3199.0,8317.0
KitchenLights, 18.0,1.336343707E9,2298.0,8.09
KitchenLights, 18.0,1.336343773E9,2262.0,8188.0
KitchenLights, 18.0,1.336343775E9,2169.0,8205.0
KitchenLights, 18.0,1.336343805E9,3291.0,8397.0
KitchenLights, 18.0,1.336343806E9,2157.0,8132.0
KitchenLights, 18.0,1.336343807E9,3266.0,8383.0
KitchenLights, 18.0,1.336343834E9,3159.0,8287.0
KitchenLights, 18.0,1.336343836E9,3179.0,8383.0
KitchenLights, 18.0,1.336343896E9,3191.0,8544.0
KitchenLights, 18.0,1.336343898E9,3326.0,8.73
KitchenLights, 18.0,1.336343899E9,2232.0,8528.0
KitchenLights, 18.0,1.3363439E9,3236.0,8431.0
KitchenLights, 18.0,1.336343928E9,2204.0,8191.0
KitchenLights, 18.0,1.336343958E9,3363.0,8532.0
KitchenLights, 18.0,1.336343963E9,2151.0,8186.0
KitchenLights, 18.0,1.336343993E9,3351.0,8393.0
KitchenLights, 18.0,1.336344002E9,2274.0,8438.0
KitchenLights, 18.0,1.336344028E9,3258.0,8438.0
KitchenLights, 18.0,1.336344029E9,2229.0,8472.0
KitchenLights, 18.0,1.33634403E9,3271.0,8465.0
KitchenLights, 18.0,1.336344031E9,2171.0,8309.0
KitchenLights, 18.0,1.33634406E9,2149.0,8.1
KitchenLights, 18.0,1.336344089E9,2222.0,8139.0
KitchenLights, 18.0,1.336344093E9,2186.0,8133.0
KitchenLights, 18.0,1.336344094E9,3261.0,8532.0
KitchenLights, 18.0,1.336344095E9,2246.0,8127.0
KitchenLights, 18.0,1.336344128E9,2153.0,8.4
KitchenLights, 18.0,1.336344161E9,2195.0,8462.0
KitchenLights, 18.0,1.336344198E9,2218.0,8157.0
KitchenLights, 18.0,1.336344231E9,2343.0,8246.0
KitchenLights, 18.0,1.336344233E9,2167.0,8.22
KitchenLights, 18.0,1.336344297E9,2274.0,8129.0
KitchenLights, 18.0,1.3363443E9,3388.0,8.37
KitchenLights, 18.0,1.336344303E9,2168.0,8147.0
KitchenLights, 18.0,1.336344336E9,2092.0,8149.0
KitchenLights, 18.0,1.336344337E9,3148.0,8302.0
KitchenLights, 18.0,1.336344339E9,3.24,8282.0
KitchenLights, 18.0,1.336344369E9,2.13,8068.0
KitchenLights, 18.0,1.336344372E9,3198.0,8179.0
KitchenLights, 18.0,1.336344403E9,3203.0,8334.0
KitchenLights, 18.0,1.336344404E9,2182.0,8007.0
KitchenLights, 18.0,1.336344437E9,2.13,8.02
KitchenLights, 18.0,1.336344438E9,3152.0,8216.0
KitchenLights, 18.0,1.336344441E9,2127.0,8103.0
KitchenLights, 18.0,1.336344474E9,2302.0,8121.0
KitchenLights, 18.0,1.336345259E9,1081.0,8806.0
KitchenLights, 18.0,1.33634526E9,3052.0,8518.0
KitchenLights, 18.0,1.33634653E9,140579.0,194.1
KitchenLights, 18.0,1.336346531E9,196436.0,200.35
KitchenLights, 18.0,1.336346531E9,196436.0,200.35
KitchenLights, 18.0,1.33634718E9,190306.0,194002.0
KitchenLights, 18.0,1.336347391E9,190347.0,194197.0
KitchenLights, 18.0,1.336347452E9,193.81,197.64
KitchenLights, 18.0,1.336347627E9,193196.0,197047.0
KitchenLights, 18.0,1.336347628E9,190711.0,194514.0
KitchenLights, 18.0,1.336347705E9,194.87,198739.0
KitchenLights, 18.0,1.336348718E9,193938.0,197796.0
KitchenLights, 18.0,1.336348719E9,195.09,198933.0
KitchenLights, 18.0,1.336349182E9,193984.0,197957.0
KitchenLights, 18.0,1.336349571E9,191112.0,194929.0
KitchenLights, 18.0,1.336349573E9,193301.0,197145.0
KitchenLights, 18.0,1.336350249E9,188.93,194194.0
KitchenLights, 18.0,1.33635025E9,28499.0,72711.0
KitchenLights, 18.0,1.336350251E9,3019.0,8434.0
KitchenLights, 18.0,1.336350251E9,3019.0,8434.0
KitchenLights, 18.0,1.336350529E9,156924.0,212.24
KitchenLights, 18.0,1.33635053E9,208065.0,211561.0
KitchenLights, 18.0,1.336350608E9,36068.0,84369.0
KitchenLights, 18.0,1.336350609E9,2368.0,8413.0
KitchenLights, 18.0,1.336350681E9,2026.0,8138.0
KitchenLights, 18.0,1.336350829E9,3487.0,9473.0
KitchenLights, 18.0,1.33635083E9,1956.0,8334.0
KitchenLights, 18.0,1.336350894E9,1942.0,8144.0
KitchenLights, 18.0,1.336350921E9,2099.0,8192.0
KitchenLights, 18.0,1.336350923E9,1968.0,8174.0
KitchenLights, 18.0,1.336350984E9,3134.0,8469.0
KitchenLights, 18.0,1.336350987E9,2.06,8.48
KitchenLights, 18.0,1.336351013E9,2979.0,8566.0
KitchenLights, 18.0,1.336351014E9,1945.0,8312.0
KitchenLights, 18.0,1.336351017E9,3178.0,8.65
KitchenLights, 18.0,1.336351043E9,1923.0,8283.0
KitchenLights, 18.0,1.336351104E9,3076.0,8514.0
KitchenLights, 18.0,1.336351105E9,1983.0,8626.0
KitchenLights, 18.0,1.336351135E9,3009.0,8394.0
KitchenLights, 18.0,1.336351138E9,1935.0,8184.0
KitchenLights, 18.0,1.336351199E9,3114.0,8405.0
KitchenLights, 18.0,1.3363512E9,2068.0,8256.0
KitchenLights, 18.0,1.336351295E9,2014.0,8232.0
KitchenLights, 18.0,1.336351362E9,45095.0,166557.0
KitchenLights, 18.0,1.336351365E9,130433.0,197924.0
KitchenLights, 18.0,1.336351365E9,130433.0,197924.0
KitchenLights, 18.0,1.336351412E9,2522.0,8412.0
KitchenLights, 18.0,1.336351412E9,2522.0,8412.0
KitchenLights, 18.0,1.336351456E9,1961.0,8489.0
KitchenLights, 18.0,1.336351457E9,3545.0,9583.0
KitchenLights, 18.0,1.336351458E9,2127.0,8622.0
KitchenLights, 18.0,1.336351462E9,2018.0,8224.0
KitchenLights, 18.0,1.336351467E9,3508.0,9229.0
KitchenLights, 18.0,1.336351468E9,2273.0,8487.0
KitchenLights, 18.0,1.336351472E9,2415.0,8337.0
KitchenLights, 18.0,1.336351498E9,3728.0,9812.0
KitchenLights, 18.0,1.336351499E9,2723.0,9417.0
KitchenLights, 18.0,1.336351505E9,2028.0,8267.0
KitchenLights, 18.0,1.336351524E9,2123.0,8.51
KitchenLights, 18.0,1.336351533E9,3427.0,8962.0
KitchenLights, 18.0,1.336351536E9,2257.0,8614.0
KitchenLights, 18.0,1.336351594E9,2013.0,8254.0
KitchenLights, 18.0,1.336351595E9,3247.0,9.03
KitchenLights, 18.0,1.336351599E9,3312.0,9116.0
KitchenLights, 18.0,1.336351604E9,2067.0,8203.0
KitchenLights, 18.0,1.336351605E9,3181.0,8974.0
KitchenLights, 18.0,1.336351634E9,3119.0,8865.0
KitchenLights, 18.0,1.336351635E9,1981.0,8.33
KitchenLights, 18.0,1.336351636E9,3031.0,8.49
KitchenLights, 18.0,1.336351637E9,1944.0,8.37
KitchenLights, 18.0,1.336351669E9,3117.0,9017.0
KitchenLights, 18.0,1.336351673E9,3.39,9082.0
KitchenLights, 18.0,1.336351674E9,2057.0,8209.0
KitchenLights, 18.0,1.336351675E9,3356.0,9.11
KitchenLights, 18.0,1.336351706E9,3173.0,8654.0
KitchenLights, 18.0,1.336351707E9,1992.0,8221.0
KitchenLights, 18.0,1.33635174E9,1943.0,8302.0
KitchenLights, 18.0,1.336351744E9,1998.0,8193.0
KitchenLights, 18.0,1.336351815E9,3055.0,8539.0
KitchenLights, 18.0,1.336351848E9,3129.0,8432.0
KitchenLights, 18.0,1.336351849E9,2065.0,8247.0
KitchenLights, 18.0,1.336352792E9,3234.0,8449.0
KitchenLights, 18.0,1.336354292E9,2069.0,8319.0
KitchenLights, 18.0,1.336354387E9,1999.0,8386.0
KitchenLights, 18.0,1.336354415E9,3341.0,9513.0
KitchenLights, 18.0,1.336354416E9,1931.0,8244.0
KitchenLights, 18.0,1.336354428E9,3335.0,9086.0
KitchenLights, 18.0,1.336354429E9,2269.0,8347.0
KitchenLights, 18.0,1.336354436E9,3363.0,9399.0
KitchenLights, 18.0,1.336354437E9,2361.0,8.7
KitchenLights, 18.0,1.336354468E9,2138.0,8765.0
KitchenLights, 18.0,1.33635452E9,1904.0,8346.0
KitchenLights, 18.0,1.336354637E9,3076.0,8511.0
KitchenLights, 18.0,1.336354638E9,2008.0,8282.0
KitchenLights, 18.0,1.336354705E9,3226.0,9409.0
KitchenLights, 18.0,1.336354706E9,2056.0,8183.0
KitchenLights, 18.0,1.336354757E9,3266.0,9065.0
KitchenLights, 18.0,1.336354758E9,2087.0,8408.0
KitchenLights, 18.0,1.336354761E9,3262.0,9211.0
KitchenLights, 18.0,1.336354762E9,1.93,8126.0
KitchenLights, 18.0,1.336354789E9,1928.0,8.27
KitchenLights, 18.0,1.33635479E9,3331.0,9234.0
KitchenLights, 18.0,1.336354791E9,2171.0,8735.0
KitchenLights, 18.0,1.336354794E9,3452.0,9311.0
KitchenLights, 18.0,1.336354795E9,2174.0,8286.0
KitchenLights, 18.0,1.33635485E9,3119.0,8889.0
KitchenLights, 18.0,1.336354851E9,2046.0,8265.0
KitchenLights, 18.0,1.336354854E9,3222.0,9131.0
KitchenLights, 18.0,1.336354882E9,1954.0,8099.0
KitchenLights, 18.0,1.336354883E9,3437.0,9.26
KitchenLights, 18.0,1.336354884E9,2126.0,8413.0
KitchenLights, 18.0,1.336354888E9,2006.0,8236.0
KitchenLights, 18.0,1.336354906E9,3257.0,9565.0
KitchenLights, 18.0,1.336354911E9,2017.0,8338.0
KitchenLights, 18.0,1.336354912E9,3074.0,8895.0
KitchenLights, 18.0,1.336354916E9,3385.0,9193.0
KitchenLights, 18.0,1.336354917E9,2.15,8468.0
KitchenLights, 18.0,1.336354941E9,3606.0,9727.0
KitchenLights, 18.0,1.336354942E9,2411.0,8783.0
KitchenLights, 18.0,1.336354945E9,3426.0,9.15
KitchenLights, 18.0,1.336354946E9,2283.0,8798.0
KitchenLights, 18.0,1.336354968E9,3226.0,9304.0
KitchenLights, 18.0,1.336354976E9,3404.0,9156.0
KitchenLights, 18.0,1.336354977E9,2114.0,8388.0
KitchenLights, 18.0,1.336354978E9,3247.0,8989.0
KitchenLights, 18.0,1.336354979E9,2108.0,8443.0
KitchenLights, 18.0,1.336354983E9,1996.0,8.14
KitchenLights, 18.0,1.336355006E9,2002.0,8497.0
KitchenLights, 18.0,1.336355011E9,3362.0,9226.0
KitchenLights, 18.0,1.336355017E9,3341.0,9323.0
KitchenLights, 18.0,1.336355018E9,2055.0,8193.0
KitchenLights, 18.0,1.336355035E9,2205.0,8591.0
KitchenLights, 18.0,1.336355039E9,2096.0,8415.0
KitchenLights, 18.0,1.33635504E9,3572.0,9316.0
KitchenLights, 18.0,1.336355041E9,1931.0,8369.0
KitchenLights, 18.0,1.336355074E9,1991.0,8526.0
KitchenLights, 18.0,1.336355079E9,3175.0,9151.0
KitchenLights, 18.0,1.336355101E9,1968.0,8183.0
KitchenLights, 18.0,1.336355107E9,2004.0,8273.0
KitchenLights, 18.0,1.336355112E9,3111.0,8891.0
KitchenLights, 18.0,1.336355152E9,2074.0,8191.0
KitchenLights, 18.0,1.336355171E9,2.43,8904.0
KitchenLights, 18.0,1.336355173E9,2296.0,8533.0
KitchenLights, 18.0,1.336355174E9,3483.0,9048.0
KitchenLights, 18.0,1.336355202E9,2012.0,8227.0
KitchenLights, 18.0,1.336355211E9,3273.0,8933.0
KitchenLights, 18.0,1.336355212E9,2074.0,8294.0
KitchenLights, 18.0,1.336355213E9,3219.0,9342.0
KitchenLights, 18.0,1.336355233E9,2064.0,8906.0
KitchenLights, 18.0,1.336355243E9,1926.0,8264.0
KitchenLights, 18.0,1.336355244E9,3231.0,9268.0
KitchenLights, 18.0,1.336355245E9,1985.0,8348.0
KitchenLights, 18.0,1.336355276E9,2.2,8665.0
KitchenLights, 18.0,1.336355277E9,3524.0,9681.0
KitchenLights, 18.0,1.336355278E9,1953.0,8367.0
KitchenLights, 18.0,1.336355305E9,2049.0,8486.0
KitchenLights, 18.0,1.336355306E9,3187.0,9192.0
KitchenLights, 18.0,1.336355308E9,3346.0,9348.0
KitchenLights, 18.0,1.336355311E9,1934.0,8511.0
KitchenLights, 18.0,1.336355314E9,3386.0,9719.0
KitchenLights, 18.0,1.336355315E9,2273.0,8681.0
KitchenLights, 18.0,1.336355349E9,3378.0,8887.0
KitchenLights, 18.0,1.336355351E9,3445.0,9183.0
KitchenLights, 18.0,1.336355354E9,1998.0,8326.0
KitchenLights, 18.0,1.336355382E9,3482.0,9169.0
KitchenLights, 18.0,1.336355383E9,2072.0,8594.0
KitchenLights, 18.0,1.336355387E9,2042.0,8551.0
KitchenLights, 18.0,1.336355388E9,3552.0,9867.0
KitchenLights, 18.0,1.336355389E9,2041.0,8294.0
KitchenLights, 18.0,1.33635541E9,2135.0,8559.0
KitchenLights, 18.0,1.336355415E9,3669.0,9363.0
KitchenLights, 18.0,1.336355418E9,2.25,8814.0
KitchenLights, 18.0,1.336355421E9,3478.0,9.36
KitchenLights, 18.0,1.336355422E9,2446.0,9236.0
KitchenLights, 18.0,1.336355423E9,3605.0,9.55
KitchenLights, 18.0,1.336355424E9,2492.0,8942.0
KitchenLights, 18.0,1.336355449E9,2055.0,8291.0
KitchenLights, 18.0,1.336355459E9,2001.0,8222.0
KitchenLights, 18.0,1.336355482E9,2256.0,8331.0
KitchenLights, 18.0,1.336355493E9,3494.0,9.21
KitchenLights, 18.0,1.336355494E9,2327.0,8721.0
KitchenLights, 18.0,1.336355521E9,1942.0,8405.0
KitchenLights, 18.0,1.336355526E9,3971.0,9849.0
KitchenLights, 18.0,1.336355527E9,2074.0,8317.0
KitchenLights, 18.0,1.336355528E9,3167.0,8498.0
KitchenLights, 18.0,1.336358074E9,74982.0,193397.0
KitchenLights, 18.0,1.336358075E9,132095.0,199.31
KitchenLights, 18.0,1.336358075E9,132095.0,199.31
KitchenLights, 18.0,1.336358252E9,161704.0,210562.0
KitchenLights, 18.0,1.336358253E9,160465.0,208301.0
KitchenLights, 18.0,1.336358254E9,154976.0,205852.0
KitchenLights, 18.0,1.336358332E9,146711.0,203.67
KitchenLights, 18.0,1.336358333E9,131941.0,198949.0
KitchenLights, 18.0,1.336358358E9,73111.0,146489.0
KitchenLights, 18.0,1.336358359E9,3747.0,9091.0
KitchenLights, 18.0,1.33635836E9,2308.0,7944.0
KitchenLights, 18.0,1.336358359E9,3747.0,9091.0
KitchenLights, 18.0,1.336358382E9,3282.0,8161.0
KitchenLights, 18.0,1.336358386E9,3215.0,8565.0
KitchenLights, 18.0,1.336358604E9,2302.0,8177.0
KitchenLights, 18.0,1.336358629E9,2302.0,8028.0
KitchenLights, 18.0,1.336358634E9,3243.0,8838.0
KitchenLights, 18.0,1.336358758E9,663.0,8874.0
KitchenLights, 18.0,1.336358759E9,2133.0,8264.0
KitchenLights, 18.0,1.336358799E9,3196.0,9065.0
KitchenLights, 18.0,1.3363588E9,2157.0,8592.0
KitchenLights, 18.0,1.336358823E9,1.97,8329.0
KitchenLights, 18.0,1.336358995E9,3027.0,9014.0
KitchenLights, 18.0,1.33635904E9,3136.0,8447.0
KitchenLights, 18.0,1.336359041E9,2031.0,8211.0
KitchenLights, 18.0,1.336359071E9,3066.0,8422.0
KitchenLights, 18.0,1.336359072E9,2014.0,8391.0
KitchenLights, 18.0,1.33635911E9,2994.0,8498.0
KitchenLights, 18.0,1.336359143E9,3.02,8443.0
KitchenLights, 18.0,1.33635918E9,3049.0,8393.0
KitchenLights, 18.0,1.336359181E9,2035.0,8294.0
KitchenLights, 18.0,1.336360723E9,26978.0,51182.0
KitchenLights, 18.0,1.336360724E9,33993.0,53309.0
KitchenLights, 18.0,1.336360725E9,26047.0,44015.0
KitchenLights, 18.0,1.336360777E9,12576.0,30.15
KitchenLights, 18.0,1.336360778E9,3156.0,8593.0
KitchenLights, 18.0,1.336361947E9,3331.0,8361.0
KitchenLights, 18.0,1.336361978E9,3.38,8473.0
KitchenLights, 18.0,1.33636201E9,2.21,8219.0
KitchenLights, 18.0,1.336362064E9,2.24,8259.0
KitchenLights, 18.0,1.336362157E9,2238.0,8.32
KitchenLights, 18.0,1.336362311E9,3282.0,8338.0
KitchenLights, 18.0,1.336362312E9,2266.0,8195.0
KitchenLights, 18.0,1.336362404E9,3344.0,8531.0
KitchenLights, 18.0,1.336362405E9,2338.0,8442.0
KitchenLights, 18.0,1.336362407E9,2187.0,8325.0
KitchenLights, 18.0,1.336362537E9,2313.0,8369.0
KitchenLights, 18.0,1.336362574E9,2236.0,8157.0
KitchenLights, 18.0,1.336362606E9,3252.0,8381.0
KitchenLights, 18.0,1.336362607E9,2244.0,8254.0
KitchenLights, 18.0,1.336362608E9,3325.0,8.57
KitchenLights, 18.0,1.336362609E9,2226.0,8184.0
KitchenLights, 18.0,1.336363345E9,1324.0,9013.0
KitchenLights, 18.0,1.336363346E9,2882.0,8883.0
KitchenLights, 18.0,1.336365341E9,2214.0,8742.0
KitchenLights, 18.0,1.336365597E9,3.21,8636.0
KitchenLights, 18.0,1.33636574E9,3.31,8652.0
KitchenLights, 18.0,1.336365741E9,2265.0,8447.0
KitchenLights, 18.0,1.336365775E9,3377.0,8.61
KitchenLights, 18.0,1.336365924E9,3245.0,8699.0
KitchenLights, 18.0,1.336365925E9,2237.0,8696.0
KitchenLights, 18.0,1.336366015E9,3294.0,8757.0
KitchenLights, 18.0,1.336366018E9,2268.0,8776.0
KitchenLights, 18.0,1.336366073E9,3594.0,9961.0
KitchenLights, 18.0,1.336366114E9,3231.0,8598.0
KitchenLights, 18.0,1.336366255E9,2183.0,8654.0
KitchenLights, 18.0,1.336366538E9,3204.0,8698.0
KitchenLights, 18.0,1.336366568E9,2238.0,8464.0
KitchenLights, 18.0,1.336367923E9,2073.0,8689.0
KitchenLights, 18.0,1.336369025E9,1982.0,8385.0
KitchenLights, 18.0,1.336369142E9,3067.0,8516.0
KitchenLights, 18.0,1.336369143E9,2029.0,8477.0
KitchenLights, 18.0,1.336369277E9,3.06,9115.0
KitchenLights, 18.0,1.336369279E9,3356.0,9416.0
KitchenLights, 18.0,1.33636928E9,2296.0,8809.0
KitchenLights, 18.0,1.336369333E9,3233.0,9373.0
KitchenLights, 18.0,1.336369334E9,2193.0,8621.0
KitchenLights, 18.0,1.336369341E9,2999.0,9347.0
KitchenLights, 18.0,1.336369393E9,3123.0,8939.0
KitchenLights, 18.0,1.336369394E9,2117.0,8542.0
KitchenLights, 18.0,1.336369395E9,3177.0,9189.0
KitchenLights, 18.0,1.336369576E9,1974.0,8.53
KitchenLights, 18.0,1.336369667E9,1955.0,8253.0
KitchenLights, 18.0,1.33636973E9,3129.0,8.53
KitchenLights, 18.0,1.336369731E9,2094.0,8464.0
KitchenLights, 18.0,1.336369862E9,3072.0,8415.0
KitchenLights, 18.0,1.336369863E9,2067.0,8161.0
KitchenLights, 18.0,1.336370029E9,3292.0,8182.0
KitchenLights, 18.0,1.33637003E9,2.28,8041.0
KitchenLights, 18.0,1.3363726E9,1914.0,8797.0
KitchenLights, 18.0,1.336373272E9,3.0,9.46
KitchenLights, 18.0,1.336373396E9,57896.0,176347.0
KitchenLights, 18.0,1.336373397E9,128909.0,196447.0
KitchenLights, 18.0,1.336373397E9,128909.0,196447.0
KitchenLights, 18.0,1.336373427E9,18648.0,69404.0
KitchenLights, 18.0,1.336373428E9,1969.0,8218.0
KitchenLights, 18.0,1.336373428E9,1969.0,8218.0
KitchenLights, 18.0,1.336373662E9,2996.0,8297.0
KitchenLights, 18.0,1.336373728E9,3.18,8413.0
KitchenLights, 18.0,1.336373729E9,2081.0,8112.0
KitchenLights, 18.0,1.336376789E9,3365.0,8333.0
KitchenLights, 18.0,1.33637679E9,2212.0,8029.0
KitchenLights, 18.0,1.33637741E9,436.0,8698.0
KitchenLights, 18.0,1.336377411E9,2268.0,8261.0
KitchenLights, 18.0,1.336377657E9,3072.0,8.43
KitchenLights, 18.0,1.336380372E9,3332.0,8605.0
KitchenLights, 18.0,1.336380373E9,2281.0,8572.0
KitchenLights, 18.0,1.336380553E9,2205.0,8.35
KitchenLights, 18.0,1.33638067E9,3332.0,8573.0
KitchenLights, 18.0,1.336380671E9,2265.0,8335.0
KitchenLights, 18.0,1.336380672E9,3306.0,8462.0
KitchenLights, 18.0,1.336380673E9,2235.0,8337.0
KitchenLights, 18.0,1.336380865E9,2299.0,8201.0
KitchenLights, 18.0,1.336381002E9,3349.0,8911.0
KitchenLights, 18.0,1.336381003E9,2286.0,8635.0
KitchenLights, 18.0,1.336381292E9,3263.0,8679.0
KitchenLights, 18.0,1.336381294E9,3338.0,8756.0
KitchenLights, 18.0,1.336381327E9,3284.0,8817.0
