CellarOutlets, 13.0,1.336295772E9,121037.0,129398.0
CellarOutlets, 13.0,1.33629584E9,121046.0,129415.0
CellarOutlets, 13.0,1.336295878E9,121578.0,129794.0
CellarOutlets, 13.0,1.336295895E9,122086.0,130412.0
CellarOutlets, 13.0,1.336295905E9,121685.0,129854.0
CellarOutlets, 13.0,1.336295909E9,121686.0,129893.0
CellarOutlets, 13.0,1.336295919E9,121307.0,129609.0
CellarOutlets, 13.0,1.336295927E9,121905.0,130251.0
CellarOutlets, 13.0,1.336295936E9,121966.0,130341.0
CellarOutlets, 13.0,1.336295988E9,121374.0,129725.0
CellarOutlets, 13.0,1.336295992E9,121492.0,129949.0
CellarOutlets, 13.0,1.336295999E9,122573.0,131024.0
CellarOutlets, 13.0,1.336296E9,121446.0,129824.0
CellarOutlets, 13.0,1.336296002E9,122237.0,130675.0
CellarOutlets, 13.0,1.33629626E9,30997.0,59.31
CellarOutlets, 13.0,1.336296261E9,13171.0,30.48
CellarOutlets, 13.0,1.336296273E9,13131.0,30414.0
CellarOutlets, 13.0,1.33629767E9,741566.0,1045651.0
CellarOutlets, 13.0,1.336297671E9,136927.0,144841.0
CellarOutlets, 13.0,1.336297672E9,132135.0,140309.0
CellarOutlets, 13.0,1.336297675E9,133.22,141601.0
CellarOutlets, 13.0,1.336297677E9,137825.0,146184.0
CellarOutlets, 13.0,1.336297678E9,136696.0,145047.0
CellarOutlets, 13.0,1.336297682E9,138709.0,147035.0
CellarOutlets, 13.0,1.336297685E9,137359.0,145.67
CellarOutlets, 13.0,1.336298341E9,121073.0,128922.0
CellarOutlets, 13.0,1.336298342E9,122264.0,130064.0
CellarOutlets, 13.0,1.336298523E9,120919.0,128783.0
CellarOutlets, 13.0,1.336298879E9,119502.0,127377.0
CellarOutlets, 13.0,1.336298998E9,13592.0,31658.0
CellarOutlets, 13.0,1.336299008E9,14322.0,31977.0
CellarOutlets, 13.0,1.33630044E9,701479.0,1049139.0
CellarOutlets, 13.0,1.336300441E9,143567.0,150464.0
CellarOutlets, 13.0,1.336300442E9,133.2,140061.0
CellarOutlets, 13.0,1.336300443E9,131793.0,138507.0
CellarOutlets, 13.0,1.336300444E9,134066.0,140769.0
CellarOutlets, 13.0,1.336300447E9,134473.0,141305.0
CellarOutlets, 13.0,1.336300448E9,136.15,142906.0
CellarOutlets, 13.0,1.336300451E9,137647.0,144384.0
CellarOutlets, 13.0,1.336300456E9,138078.0,144776.0
CellarOutlets, 13.0,1.336300457E9,136743.0,143424.0
CellarOutlets, 13.0,1.336300458E9,137811.0,144505.0
CellarOutlets, 13.0,1.336300466E9,135245.0,141941.0
CellarOutlets, 13.0,1.336300675E9,125.88,133386.0
CellarOutlets, 13.0,1.336300738E9,123.43,130668.0
CellarOutlets, 13.0,1.336300765E9,124405.0,131602.0
CellarOutlets, 13.0,1.336301821E9,50489.0,79377.0
CellarOutlets, 13.0,1.336301822E9,13061.0,30498.0
CellarOutlets, 13.0,1.336303258E9,153785.0,549539.0
CellarOutlets, 13.0,1.336303259E9,614521.0,898482.0
CellarOutlets, 13.0,1.33630326E9,136151.0,141.96
CellarOutlets, 13.0,1.336303261E9,132045.0,138048.0
CellarOutlets, 13.0,1.336303263E9,133469.0,139.49
CellarOutlets, 13.0,1.336303265E9,134836.0,140824.0
CellarOutlets, 13.0,1.336303266E9,136484.0,142466.0
CellarOutlets, 13.0,1.336303273E9,139181.0,145213.0
CellarOutlets, 13.0,1.336303514E9,124662.0,130849.0
CellarOutlets, 13.0,1.33630367E9,123.46,129952.0
CellarOutlets, 13.0,1.336304683E9,19174.0,41889.0
CellarOutlets, 13.0,1.336304684E9,13095.0,30234.0
CellarOutlets, 13.0,1.33630469E9,14398.0,31694.0
CellarOutlets, 13.0,1.336304691E9,13048.0,30155.0
CellarOutlets, 13.0,1.336306152E9,307085.0,497691.0
CellarOutlets, 13.0,1.336306153E9,134125.0,140197.0
CellarOutlets, 13.0,1.336306154E9,130.64,136853.0
CellarOutlets, 13.0,1.336306155E9,131.87,138082.0
CellarOutlets, 13.0,1.336306158E9,134.9,141142.0
CellarOutlets, 13.0,1.336306159E9,135933.0,142.19
CellarOutlets, 13.0,1.336306161E9,137197.0,143439.0
CellarOutlets, 13.0,1.336306163E9,139187.0,145442.0
CellarOutlets, 13.0,1.336306164E9,137965.0,144172.0
CellarOutlets, 13.0,1.336306171E9,136989.0,143215.0
CellarOutlets, 13.0,1.33630625E9,126944.0,133325.0
CellarOutlets, 13.0,1.336306289E9,123799.0,129826.0
CellarOutlets, 13.0,1.3363065E9,122962.0,129546.0
CellarOutlets, 13.0,1.336306699E9,122573.0,129182.0
CellarOutlets, 13.0,1.336307042E9,121043.0,127.77
CellarOutlets, 13.0,1.336307293E9,120433.0,127089.0
CellarOutlets, 13.0,1.336307594E9,110606.0,121.02
CellarOutlets, 13.0,1.336307596E9,13197.0,30579.0
CellarOutlets, 13.0,1.336307605E9,14195.0,31881.0
CellarOutlets, 13.0,1.336307608E9,14242.0,31916.0
CellarOutlets, 13.0,1.33630906E9,141554.0,147753.0
CellarOutlets, 13.0,1.336309061E9,131809.0,137993.0
CellarOutlets, 13.0,1.336309062E9,130421.0,136641.0
CellarOutlets, 13.0,1.336309064E9,133693.0,139.94
CellarOutlets, 13.0,1.336309069E9,137634.0,143801.0
CellarOutlets, 13.0,1.336309084E9,137885.0,144136.0
CellarOutlets, 13.0,1.336309086E9,135829.0,142112.0
CellarOutlets, 13.0,1.336309088E9,134414.0,140648.0
CellarOutlets, 13.0,1.336309337E9,124984.0,131.65
CellarOutlets, 13.0,1.336309351E9,124219.0,130979.0
CellarOutlets, 13.0,1.336310452E9,55189.0,82582.0
CellarOutlets, 13.0,1.336310454E9,12968.0,30095.0
CellarOutlets, 13.0,1.336310619E9,42.36,52357.0
CellarOutlets, 13.0,1.336311553E9,36629.0,48108.0
CellarOutlets, 13.0,1.336311895E9,735392.0,1049352.0
CellarOutlets, 13.0,1.336311896E9,163168.0,169003.0
CellarOutlets, 13.0,1.336311897E9,153669.0,159646.0
CellarOutlets, 13.0,1.3363119E9,155316.0,161357.0
CellarOutlets, 13.0,1.336311902E9,156298.0,162339.0
CellarOutlets, 13.0,1.336311903E9,157486.0,163592.0
CellarOutlets, 13.0,1.336311904E9,159353.0,165592.0
CellarOutlets, 13.0,1.336311908E9,159.79,165871.0
CellarOutlets, 13.0,1.336311909E9,158559.0,164605.0
CellarOutlets, 13.0,1.33631191E9,160.03,166116.0
CellarOutlets, 13.0,1.336311923E9,156201.0,162227.0
CellarOutlets, 13.0,1.33631194E9,153366.0,159409.0
CellarOutlets, 13.0,1.336311955E9,152359.0,158495.0
CellarOutlets, 13.0,1.336312147E9,146115.0,152482.0
CellarOutlets, 13.0,1.336312384E9,144565.0,151026.0
CellarOutlets, 13.0,1.336312421E9,145825.0,152734.0
CellarOutlets, 13.0,1.336313183E9,142345.0,149101.0
CellarOutlets, 13.0,1.336313273E9,62855.0,85493.0
CellarOutlets, 13.0,1.336313274E9,35363.0,47039.0
CellarOutlets, 13.0,1.336314017E9,35225.0,46847.0
CellarOutlets, 13.0,1.336314701E9,733842.0,1057278.0
CellarOutlets, 13.0,1.336314702E9,162.33,168368.0
CellarOutlets, 13.0,1.336314703E9,153339.0,159615.0
CellarOutlets, 13.0,1.336314705E9,155028.0,161369.0
CellarOutlets, 13.0,1.336314708E9,157126.0,163339.0
CellarOutlets, 13.0,1.336314709E9,158.16,164526.0
CellarOutlets, 13.0,1.33631471E9,159676.0,166005.0
CellarOutlets, 13.0,1.336314713E9,160896.0,167301.0
CellarOutlets, 13.0,1.336314729E9,157111.0,163299.0
CellarOutlets, 13.0,1.336314846E9,146394.0,153017.0
CellarOutlets, 13.0,1.33631491E9,146382.0,153118.0
CellarOutlets, 13.0,1.336314911E9,147411.0,154191.0
CellarOutlets, 13.0,1.336314947E9,146214.0,152.89
CellarOutlets, 13.0,1.33631495E9,147664.0,154417.0
CellarOutlets, 13.0,1.33631496E9,147579.0,154253.0
CellarOutlets, 13.0,1.336315428E9,144222.0,151032.0
CellarOutlets, 13.0,1.336316101E9,136767.0,145123.0
CellarOutlets, 13.0,1.336316102E9,35045.0,46803.0
CellarOutlets, 13.0,1.336316108E9,35.98,48609.0
CellarOutlets, 13.0,1.336317512E9,594185.0,996033.0
CellarOutlets, 13.0,1.336317513E9,262405.0,387972.0
CellarOutlets, 13.0,1.336317514E9,156043.0,162044.0
CellarOutlets, 13.0,1.336317515E9,153156.0,159311.0
CellarOutlets, 13.0,1.336317518E9,155166.0,161367.0
CellarOutlets, 13.0,1.33631752E9,158201.0,164426.0
CellarOutlets, 13.0,1.336317521E9,159.89,166088.0
CellarOutlets, 13.0,1.336317523E9,158955.0,165138.0
CellarOutlets, 13.0,1.336317526E9,161066.0,167314.0
CellarOutlets, 13.0,1.336317533E9,159531.0,165598.0
CellarOutlets, 13.0,1.33631754E9,157002.0,163203.0
CellarOutlets, 13.0,1.336317622E9,147166.0,153648.0
CellarOutlets, 13.0,1.336317648E9,149112.0,155.75
CellarOutlets, 13.0,1.336317695E9,146867.0,153383.0
CellarOutlets, 13.0,1.336317696E9,148096.0,154613.0
CellarOutlets, 13.0,1.336317709E9,146657.0,152753.0
CellarOutlets, 13.0,1.33631771E9,147975.0,154296.0
CellarOutlets, 13.0,1.336317732E9,146.56,152812.0
CellarOutlets, 13.0,1.336317781E9,148.18,154635.0
CellarOutlets, 13.0,1.336317782E9,147084.0,153476.0
CellarOutlets, 13.0,1.336317882E9,146449.0,152903.0
CellarOutlets, 13.0,1.336317914E9,144907.0,151587.0
CellarOutlets, 13.0,1.336317974E9,144466.0,150986.0
CellarOutlets, 13.0,1.336317975E9,145583.0,152106.0
CellarOutlets, 13.0,1.336318032E9,144675.0,151025.0
CellarOutlets, 13.0,1.336318038E9,144411.0,150701.0
CellarOutlets, 13.0,1.336318166E9,143111.0,149559.0
CellarOutlets, 13.0,1.336318262E9,144333.0,150.9
CellarOutlets, 13.0,1.33631849E9,142819.0,149.35
CellarOutlets, 13.0,1.336318533E9,142537.0,149053.0
CellarOutlets, 13.0,1.336318587E9,141.82,148339.0
CellarOutlets, 13.0,1.336318588E9,142906.0,149477.0
CellarOutlets, 13.0,1.336318636E9,142176.0,148574.0
CellarOutlets, 13.0,1.336318702E9,141783.0,148244.0
CellarOutlets, 13.0,1.336318703E9,142808.0,149269.0
CellarOutlets, 13.0,1.336318954E9,38841.0,52932.0
CellarOutlets, 13.0,1.336318955E9,35711.0,47065.0
CellarOutlets, 13.0,1.336318965E9,35926.0,47576.0
CellarOutlets, 13.0,1.336318966E9,36.94,49137.0
CellarOutlets, 13.0,1.336320208E9,37225.0,47524.0
CellarOutlets, 13.0,1.336320383E9,630938.0,1015184.0
CellarOutlets, 13.0,1.336320384E9,230442.0,315438.0
CellarOutlets, 13.0,1.336320385E9,155455.0,161216.0
CellarOutlets, 13.0,1.336320386E9,152537.0,158435.0
CellarOutlets, 13.0,1.336320387E9,154206.0,160116.0
CellarOutlets, 13.0,1.336320388E9,155264.0,161154.0
CellarOutlets, 13.0,1.33632039E9,157015.0,162.86
CellarOutlets, 13.0,1.336320391E9,159531.0,165531.0
CellarOutlets, 13.0,1.336320393E9,161677.0,167771.0
CellarOutlets, 13.0,1.336320396E9,159621.0,165469.0
CellarOutlets, 13.0,1.336320397E9,160.9,166771.0
CellarOutlets, 13.0,1.336320652E9,148001.0,154258.0
CellarOutlets, 13.0,1.336320661E9,147344.0,153599.0
CellarOutlets, 13.0,1.33632068E9,146003.0,152276.0
CellarOutlets, 13.0,1.336320766E9,146872.0,153341.0
CellarOutlets, 13.0,1.336320931E9,152741.0,159696.0
CellarOutlets, 13.0,1.336320932E9,167279.0,173227.0
CellarOutlets, 13.0,1.336320938E9,170299.0,176193.0
CellarOutlets, 13.0,1.336320941E9,167048.0,173176.0
CellarOutlets, 13.0,1.336320942E9,149924.0,156299.0
CellarOutlets, 13.0,1.336320948E9,152945.0,159262.0
CellarOutlets, 13.0,1.336321104E9,150707.0,156994.0
CellarOutlets, 13.0,1.33632123E9,149374.0,155718.0
CellarOutlets, 13.0,1.336321313E9,147.82,154056.0
CellarOutlets, 13.0,1.33632132E9,149923.0,156253.0
CellarOutlets, 13.0,1.336321372E9,148302.0,154423.0
CellarOutlets, 13.0,1.336321378E9,148111.0,154221.0
CellarOutlets, 13.0,1.336321508E9,147443.0,153.57
CellarOutlets, 13.0,1.336321629E9,145603.0,151666.0
CellarOutlets, 13.0,1.336321715E9,146496.0,152686.0
CellarOutlets, 13.0,1.336321758E9,146859.0,153087.0
CellarOutlets, 13.0,1.336321814E9,146308.0,152611.0
CellarOutlets, 13.0,1.336321851E9,146512.0,152717.0
CellarOutlets, 13.0,1.336322008E9,145694.0,151934.0
CellarOutlets, 13.0,1.336322088E9,145281.0,151652.0
CellarOutlets, 13.0,1.336322126E9,144282.0,150632.0
CellarOutlets, 13.0,1.336322189E9,144894.0,151.07
CellarOutlets, 13.0,1.336322261E9,144993.0,151163.0
CellarOutlets, 13.0,1.336322294E9,144634.0,150869.0
CellarOutlets, 13.0,1.336322329E9,144715.0,150858.0
CellarOutlets, 13.0,1.33632233E9,143662.0,149755.0
CellarOutlets, 13.0,1.336322331E9,144968.0,151051.0
CellarOutlets, 13.0,1.336322335E9,145133.0,151225.0
CellarOutlets, 13.0,1.33632241E9,143593.0,149894.0
CellarOutlets, 13.0,1.336323077E9,139589.0,145284.0
CellarOutlets, 13.0,1.336323087E9,141055.0,146849.0
CellarOutlets, 13.0,1.336323096E9,141809.0,147789.0
CellarOutlets, 13.0,1.336323106E9,141669.0,147513.0
CellarOutlets, 13.0,1.336323118E9,140.33,145992.0
CellarOutlets, 13.0,1.336323315E9,135.36,143.35
CellarOutlets, 13.0,1.336323317E9,35777.0,46798.0
CellarOutlets, 13.0,1.336323326E9,36802.0,48618.0
CellarOutlets, 13.0,1.336323327E9,35.8,46805.0
CellarOutlets, 13.0,1.336323607E9,37952.0,48305.0
CellarOutlets, 13.0,1.336323609E9,36601.0,46895.0
CellarOutlets, 13.0,1.336323966E9,37849.0,48.11
CellarOutlets, 13.0,1.336324329E9,38145.0,48591.0
CellarOutlets, 13.0,1.336324614E9,550398.0,784639.0
CellarOutlets, 13.0,1.336324615E9,155144.0,160543.0
CellarOutlets, 13.0,1.336324617E9,151667.0,157241.0
CellarOutlets, 13.0,1.336324618E9,153433.0,159029.0
CellarOutlets, 13.0,1.336324621E9,156.1,161688.0
CellarOutlets, 13.0,1.336324622E9,160018.0,165944.0
CellarOutlets, 13.0,1.336324629E9,161.26,167324.0
CellarOutlets, 13.0,1.33632463E9,159842.0,165834.0
CellarOutlets, 13.0,1.336324643E9,157.96,164046.0
CellarOutlets, 13.0,1.336324662E9,154777.0,160895.0
CellarOutlets, 13.0,1.336324766E9,146929.0,152798.0
CellarOutlets, 13.0,1.336324864E9,150131.0,156662.0
CellarOutlets, 13.0,1.33632493E9,149406.0,155963.0
CellarOutlets, 13.0,1.33632496E9,149465.0,156038.0
CellarOutlets, 13.0,1.336324995E9,147477.0,153523.0
CellarOutlets, 13.0,1.336325006E9,145.1,150993.0
CellarOutlets, 13.0,1.336325043E9,147878.0,154259.0
CellarOutlets, 13.0,1.336325079E9,147799.0,154223.0
CellarOutlets, 13.0,1.336325159E9,148524.0,155061.0
CellarOutlets, 13.0,1.336325162E9,146.54,153028.0
CellarOutlets, 13.0,1.336325165E9,148344.0,154845.0
CellarOutlets, 13.0,1.336325167E9,145648.0,151748.0
CellarOutlets, 13.0,1.336325195E9,147166.0,153189.0
CellarOutlets, 13.0,1.336325215E9,148516.0,155185.0
CellarOutlets, 13.0,1.336325332E9,144891.0,150931.0
CellarOutlets, 13.0,1.33632546E9,147404.0,153918.0
CellarOutlets, 13.0,1.336325467E9,147977.0,154532.0
CellarOutlets, 13.0,1.336325546E9,145876.0,152231.0
CellarOutlets, 13.0,1.336325608E9,143756.0,149639.0
CellarOutlets, 13.0,1.336325681E9,144418.0,150.3
CellarOutlets, 13.0,1.336325703E9,143801.0,149625.0
CellarOutlets, 13.0,1.336325706E9,146.1,152423.0
CellarOutlets, 13.0,1.336325845E9,145793.0,151969.0
CellarOutlets, 13.0,1.336325882E9,144842.0,151039.0
CellarOutlets, 13.0,1.336325893E9,142518.0,148155.0
CellarOutlets, 13.0,1.336325949E9,143508.0,149156.0
CellarOutlets, 13.0,1.336325982E9,146127.0,152301.0
CellarOutlets, 13.0,1.3363261E9,143887.0,150195.0
CellarOutlets, 13.0,1.336326164E9,141943.0,147838.0
CellarOutlets, 13.0,1.336326249E9,144678.0,151.05
CellarOutlets, 13.0,1.336326268E9,143665.0,149985.0
CellarOutlets, 13.0,1.336326481E9,143854.0,150.16
CellarOutlets, 13.0,1.336326929E9,37.81,48664.0
CellarOutlets, 13.0,1.336328229E9,518214.0,922931.0
CellarOutlets, 13.0,1.33632823E9,318041.0,487602.0
CellarOutlets, 13.0,1.336328231E9,156812.0,162826.0
CellarOutlets, 13.0,1.336328236E9,158711.0,164887.0
CellarOutlets, 13.0,1.336328237E9,160606.0,166928.0
CellarOutlets, 13.0,1.336328243E9,162.03,168.17
CellarOutlets, 13.0,1.336328246E9,161504.0,167598.0
CellarOutlets, 13.0,1.336328533E9,149987.0,156518.0
CellarOutlets, 13.0,1.336328672E9,148182.0,154441.0
CellarOutlets, 13.0,1.336328707E9,148123.0,154427.0
CellarOutlets, 13.0,1.33632876E9,149155.0,155502.0
CellarOutlets, 13.0,1.336328776E9,148448.0,154749.0
CellarOutlets, 13.0,1.336328906E9,147378.0,153637.0
CellarOutlets, 13.0,1.33632897E9,147153.0,153387.0
CellarOutlets, 13.0,1.336328998E9,148061.0,154329.0
CellarOutlets, 13.0,1.33632923E9,146053.0,152.4
CellarOutlets, 13.0,1.33632958E9,339206.0,382452.0
CellarOutlets, 13.0,1.336329581E9,485848.0,488202.0
CellarOutlets, 13.0,1.336329585E9,484558.0,486.9
CellarOutlets, 13.0,1.336329586E9,485833.0,488175.0
CellarOutlets, 13.0,1.336329588E9,487135.0,489506.0
CellarOutlets, 13.0,1.336329589E9,484278.0,486626.0
CellarOutlets, 13.0,1.33632959E9,486261.0,488574.0
CellarOutlets, 13.0,1.336329592E9,486688.0,489.03
CellarOutlets, 13.0,1.336329593E9,485069.0,487381.0
CellarOutlets, 13.0,1.336329594E9,486.51,488868.0
CellarOutlets, 13.0,1.336329595E9,484884.0,487199.0
CellarOutlets, 13.0,1.336329596E9,486624.0,488954.0
CellarOutlets, 13.0,1.336329597E9,484452.0,486787.0
CellarOutlets, 13.0,1.336329598E9,486003.0,488349.0
CellarOutlets, 13.0,1.336329599E9,483534.0,485873.0
CellarOutlets, 13.0,1.3363296E9,485355.0,487695.0
CellarOutlets, 13.0,1.336329601E9,483.85,486182.0
CellarOutlets, 13.0,1.336329602E9,485124.0,487474.0
CellarOutlets, 13.0,1.336329603E9,483443.0,485804.0
CellarOutlets, 13.0,1.336329609E9,482836.0,485165.0
CellarOutlets, 13.0,1.336329619E9,482585.0,484.92
CellarOutlets, 13.0,1.33632962E9,481125.0,483.46
CellarOutlets, 13.0,1.336329622E9,480203.0,482549.0
CellarOutlets, 13.0,1.336329623E9,481904.0,484242.0
CellarOutlets, 13.0,1.336329624E9,480148.0,482.48
CellarOutlets, 13.0,1.336329625E9,481506.0,483847.0
CellarOutlets, 13.0,1.336329626E9,480228.0,482534.0
CellarOutlets, 13.0,1.336329627E9,481501.0,483808.0
CellarOutlets, 13.0,1.336329628E9,479.39,481671.0
CellarOutlets, 13.0,1.336329629E9,481086.0,483453.0
CellarOutlets, 13.0,1.33632963E9,478806.0,481091.0
CellarOutlets, 13.0,1.336329631E9,480473.0,482.77
CellarOutlets, 13.0,1.336329632E9,478101.0,480396.0
CellarOutlets, 13.0,1.336329633E9,480464.0,482774.0
CellarOutlets, 13.0,1.336329634E9,478.81,481154.0
CellarOutlets, 13.0,1.336329635E9,480698.0,483032.0
CellarOutlets, 13.0,1.336329636E9,479072.0,481378.0
CellarOutlets, 13.0,1.336329637E9,480347.0,482674.0
CellarOutlets, 13.0,1.336329638E9,479262.0,481583.0
CellarOutlets, 13.0,1.336329639E9,478097.0,480431.0
CellarOutlets, 13.0,1.336329653E9,475339.0,477695.0
CellarOutlets, 13.0,1.336329655E9,474754.0,477102.0
CellarOutlets, 13.0,1.336329658E9,475864.0,478216.0
CellarOutlets, 13.0,1.336329659E9,474173.0,476452.0
CellarOutlets, 13.0,1.33632966E9,475908.0,478.26
CellarOutlets, 13.0,1.336329661E9,474415.0,476767.0
CellarOutlets, 13.0,1.336329662E9,476143.0,478487.0
CellarOutlets, 13.0,1.336329663E9,474595.0,476923.0
CellarOutlets, 13.0,1.336329664E9,476297.0,478587.0
CellarOutlets, 13.0,1.336329665E9,474009.0,476353.0
CellarOutlets, 13.0,1.336329666E9,475838.0,478184.0
CellarOutlets, 13.0,1.336329667E9,473787.0,476124.0
CellarOutlets, 13.0,1.336329668E9,475394.0,477.74
CellarOutlets, 13.0,1.336329669E9,473342.0,475625.0
CellarOutlets, 13.0,1.33632967E9,474657.0,477.0
CellarOutlets, 13.0,1.336329671E9,472.58,474913.0
CellarOutlets, 13.0,1.336329672E9,473916.0,476.25
CellarOutlets, 13.0,1.336329673E9,471962.0,474285.0
CellarOutlets, 13.0,1.336329674E9,474073.0,476372.0
CellarOutlets, 13.0,1.336329688E9,470308.0,472629.0
CellarOutlets, 13.0,1.33632969E9,469807.0,472.13
CellarOutlets, 13.0,1.336329691E9,470857.0,473.18
CellarOutlets, 13.0,1.336329692E9,469291.0,471627.0
CellarOutlets, 13.0,1.336329693E9,470668.0,472996.0
CellarOutlets, 13.0,1.336329694E9,468864.0,471141.0
CellarOutlets, 13.0,1.336329695E9,470461.0,472791.0
CellarOutlets, 13.0,1.336329696E9,469123.0,471492.0
CellarOutlets, 13.0,1.336329697E9,470773.0,473104.0
CellarOutlets, 13.0,1.336329698E9,468577.0,470899.0
CellarOutlets, 13.0,1.336329699E9,470548.0,472.84
CellarOutlets, 13.0,1.3363297E9,468827.0,471144.0
CellarOutlets, 13.0,1.336329701E9,470399.0,472732.0
CellarOutlets, 13.0,1.336329702E9,468231.0,470549.0
CellarOutlets, 13.0,1.336329703E9,469829.0,472151.0
CellarOutlets, 13.0,1.336329704E9,467688.0,469979.0
CellarOutlets, 13.0,1.336329705E9,469744.0,472067.0
CellarOutlets, 13.0,1.336329706E9,468148.0,470461.0
CellarOutlets, 13.0,1.336329707E9,469777.0,472099.0
CellarOutlets, 13.0,1.336329708E9,468473.0,470808.0
CellarOutlets, 13.0,1.33632971E9,467838.0,470148.0
CellarOutlets, 13.0,1.336329711E9,468875.0,471196.0
CellarOutlets, 13.0,1.336329725E9,467938.0,470.28
CellarOutlets, 13.0,1.336329727E9,467252.0,469595.0
CellarOutlets, 13.0,1.336329728E9,468258.0,470588.0
CellarOutlets, 13.0,1.336329729E9,466684.0,468995.0
CellarOutlets, 13.0,1.33632973E9,468548.0,470873.0
CellarOutlets, 13.0,1.336329731E9,466636.0,468953.0
CellarOutlets, 13.0,1.336329732E9,468959.0,471276.0
CellarOutlets, 13.0,1.336329733E9,467439.0,469783.0
CellarOutlets, 13.0,1.336329734E9,468837.0,471168.0
CellarOutlets, 13.0,1.336329735E9,452.57,454848.0
CellarOutlets, 13.0,1.336329737E9,449954.0,452223.0
CellarOutlets, 13.0,1.336329738E9,451.95,454253.0
CellarOutlets, 13.0,1.336329739E9,450382.0,452655.0
CellarOutlets, 13.0,1.33632974E9,452382.0,454663.0
CellarOutlets, 13.0,1.336329741E9,451102.0,453395.0
CellarOutlets, 13.0,1.336329742E9,453877.0,456249.0
CellarOutlets, 13.0,1.336329743E9,451204.0,453505.0
CellarOutlets, 13.0,1.336329744E9,452416.0,454698.0
CellarOutlets, 13.0,1.336329746E9,453656.0,456043.0
CellarOutlets, 13.0,1.336329747E9,451772.0,454057.0
CellarOutlets, 13.0,1.336329763E9,454055.0,456386.0
CellarOutlets, 13.0,1.336329764E9,452849.0,455129.0
CellarOutlets, 13.0,1.336329765E9,454431.0,456713.0
CellarOutlets, 13.0,1.336329766E9,452515.0,454782.0
CellarOutlets, 13.0,1.336329767E9,454117.0,456395.0
CellarOutlets, 13.0,1.336329768E9,452367.0,454672.0
CellarOutlets, 13.0,1.336329769E9,454125.0,456403.0
CellarOutlets, 13.0,1.33632977E9,452188.0,454466.0
CellarOutlets, 13.0,1.336329771E9,454512.0,456788.0
CellarOutlets, 13.0,1.336329772E9,452238.0,454498.0
CellarOutlets, 13.0,1.336329773E9,454227.0,456475.0
CellarOutlets, 13.0,1.336329774E9,451934.0,454254.0
CellarOutlets, 13.0,1.336329775E9,453548.0,455793.0
CellarOutlets, 13.0,1.336329776E9,451635.0,453875.0
CellarOutlets, 13.0,1.336329777E9,452.72,454973.0
CellarOutlets, 13.0,1.336329778E9,451212.0,453505.0
CellarOutlets, 13.0,1.336329826E9,449749.0,451999.0
CellarOutlets, 13.0,1.336329941E9,450261.0,452519.0
CellarOutlets, 13.0,1.336329946E9,455897.0,458181.0
CellarOutlets, 13.0,1.336329947E9,463905.0,466205.0
CellarOutlets, 13.0,1.336330008E9,389155.0,423236.0
CellarOutlets, 13.0,1.336330009E9,37984.0,48784.0
CellarOutlets, 13.0,1.336330016E9,39327.0,51051.0
CellarOutlets, 13.0,1.336330286E9,38353.0,49017.0
CellarOutlets, 13.0,1.336330502E9,36784.0,47.46
CellarOutlets, 13.0,1.336330955E9,38302.0,49089.0
CellarOutlets, 13.0,1.33633138E9,553497.0,967723.0
CellarOutlets, 13.0,1.336331381E9,352868.0,510545.0
CellarOutlets, 13.0,1.336331382E9,192486.0,198792.0
CellarOutlets, 13.0,1.336331383E9,188758.0,195062.0
CellarOutlets, 13.0,1.336331385E9,188391.0,194685.0
CellarOutlets, 13.0,1.336331386E9,191499.0,197888.0
CellarOutlets, 13.0,1.33633139E9,190011.0,196377.0
CellarOutlets, 13.0,1.336331393E9,188376.0,194739.0
CellarOutlets, 13.0,1.336331395E9,186868.0,193183.0
CellarOutlets, 13.0,1.336331396E9,185689.0,191994.0
CellarOutlets, 13.0,1.336331398E9,184185.0,190477.0
CellarOutlets, 13.0,1.336331401E9,182828.0,189127.0
CellarOutlets, 13.0,1.336331411E9,175904.0,181733.0
CellarOutlets, 13.0,1.336331412E9,174876.0,180.74
CellarOutlets, 13.0,1.336331417E9,173.19,178985.0
CellarOutlets, 13.0,1.336331418E9,172.16,177962.0
CellarOutlets, 13.0,1.336331419E9,170894.0,176665.0
CellarOutlets, 13.0,1.33633142E9,168934.0,174704.0
CellarOutlets, 13.0,1.336331421E9,166352.0,172081.0
CellarOutlets, 13.0,1.336331422E9,164348.0,170077.0
CellarOutlets, 13.0,1.336331423E9,165468.0,171177.0
CellarOutlets, 13.0,1.336331424E9,167257.0,173031.0
CellarOutlets, 13.0,1.336331429E9,165375.0,171146.0
CellarOutlets, 13.0,1.33633143E9,164055.0,169844.0
CellarOutlets, 13.0,1.336331431E9,162958.0,168689.0
CellarOutlets, 13.0,1.336331464E9,162712.0,168885.0
CellarOutlets, 13.0,1.336331655E9,164555.0,170.71
CellarOutlets, 13.0,1.336331658E9,162577.0,168397.0
CellarOutlets, 13.0,1.336331725E9,164572.0,170886.0
CellarOutlets, 13.0,1.336331944E9,160511.0,166666.0
CellarOutlets, 13.0,1.336332033E9,159082.0,165355.0
CellarOutlets, 13.0,1.336332064E9,159225.0,165447.0
CellarOutlets, 13.0,1.336332141E9,159363.0,165537.0
CellarOutlets, 13.0,1.336332213E9,157336.0,163621.0
CellarOutlets, 13.0,1.336332214E9,158626.0,164867.0
CellarOutlets, 13.0,1.33633225E9,156294.0,162.55
CellarOutlets, 13.0,1.336332329E9,156347.0,162735.0
CellarOutlets, 13.0,1.336332335E9,155561.0,161991.0
CellarOutlets, 13.0,1.336332366E9,155698.0,162053.0
CellarOutlets, 13.0,1.336332465E9,155245.0,161618.0
CellarOutlets, 13.0,1.336332558E9,155033.0,161375.0
CellarOutlets, 13.0,1.336332668E9,153257.0,159645.0
CellarOutlets, 13.0,1.336332669E9,152034.0,158169.0
CellarOutlets, 13.0,1.33633267E9,153496.0,159761.0
CellarOutlets, 13.0,1.33633282E9,152905.0,159157.0
CellarOutlets, 13.0,1.336332846E9,152228.0,158654.0
CellarOutlets, 13.0,1.336332886E9,152647.0,158907.0
CellarOutlets, 13.0,1.336332963E9,150166.0,156366.0
CellarOutlets, 13.0,1.336332968E9,152059.0,158257.0
CellarOutlets, 13.0,1.336333052E9,151128.0,157351.0
CellarOutlets, 13.0,1.336333071E9,150797.0,157175.0
CellarOutlets, 13.0,1.336333072E9,152119.0,158456.0
CellarOutlets, 13.0,1.336333097E9,151465.0,157833.0
CellarOutlets, 13.0,1.336333118E9,150398.0,156709.0
CellarOutlets, 13.0,1.336333119E9,151.5,157896.0
CellarOutlets, 13.0,1.336333129E9,151657.0,157999.0
CellarOutlets, 13.0,1.336333145E9,150842.0,157279.0
CellarOutlets, 13.0,1.336333247E9,150508.0,157028.0
CellarOutlets, 13.0,1.336333254E9,150434.0,156.88
CellarOutlets, 13.0,1.336333326E9,149952.0,156268.0
CellarOutlets, 13.0,1.336333394E9,149595.0,156039.0
CellarOutlets, 13.0,1.336333869E9,148774.0,155034.0
CellarOutlets, 13.0,1.336333872E9,149487.0,155873.0
CellarOutlets, 13.0,1.336333923E9,149353.0,155728.0
CellarOutlets, 13.0,1.336334796E9,146542.0,153018.0
CellarOutlets, 13.0,1.336335198E9,131367.0,138.27
CellarOutlets, 13.0,1.336335199E9,120298.0,126.68
CellarOutlets, 13.0,1.336335205E9,121537.0,127872.0
CellarOutlets, 13.0,1.33633684E9,69165.0,93195.0
CellarOutlets, 13.0,1.336336841E9,12792.0,29515.0
CellarOutlets, 13.0,1.336336849E9,12892.0,29537.0
CellarOutlets, 13.0,1.336338139E9,723292.0,998089.0
CellarOutlets, 13.0,1.33633814E9,133843.0,139155.0
CellarOutlets, 13.0,1.336338141E9,127546.0,132921.0
CellarOutlets, 13.0,1.336338143E9,128884.0,134334.0
CellarOutlets, 13.0,1.336338146E9,130786.0,136299.0
CellarOutlets, 13.0,1.336338147E9,134455.0,139935.0
CellarOutlets, 13.0,1.336338149E9,133609.0,139099.0
CellarOutlets, 13.0,1.336338152E9,133007.0,138.52
CellarOutlets, 13.0,1.336338259E9,123.99,130001.0
CellarOutlets, 13.0,1.336338482E9,123335.0,129083.0
CellarOutlets, 13.0,1.3363387E9,123864.0,129855.0
CellarOutlets, 13.0,1.336339006E9,120063.0,125803.0
CellarOutlets, 13.0,1.336339166E9,120447.0,126189.0
CellarOutlets, 13.0,1.336339429E9,119626.0,125501.0
CellarOutlets, 13.0,1.336339539E9,120965.0,127.33
CellarOutlets, 13.0,1.336339981E9,118.03,123601.0
CellarOutlets, 13.0,1.336340122E9,119.76,125892.0
CellarOutlets, 13.0,1.336340241E9,117613.0,123153.0
CellarOutlets, 13.0,1.336340589E9,101149.0,113552.0
CellarOutlets, 13.0,1.33634059E9,12548.0,28822.0
CellarOutlets, 13.0,1.336340596E9,13646.0,30129.0
CellarOutlets, 13.0,1.33634193E9,135756.0,503654.0
CellarOutlets, 13.0,1.336341931E9,616407.0,886224.0
CellarOutlets, 13.0,1.336341932E9,133907.0,139452.0
CellarOutlets, 13.0,1.336341933E9,130063.0,135808.0
CellarOutlets, 13.0,1.336341938E9,133538.0,139288.0
CellarOutlets, 13.0,1.336341939E9,135725.0,141445.0
CellarOutlets, 13.0,1.33634194E9,134581.0,140405.0
CellarOutlets, 13.0,1.336341942E9,136507.0,142.22
CellarOutlets, 13.0,1.336341954E9,134728.0,140616.0
CellarOutlets, 13.0,1.336341959E9,133344.0,139262.0
CellarOutlets, 13.0,1.336342398E9,124773.0,131223.0
CellarOutlets, 13.0,1.336342602E9,123412.0,129777.0
CellarOutlets, 13.0,1.336342603E9,122313.0,128688.0
CellarOutlets, 13.0,1.336342637E9,122095.0,128473.0
CellarOutlets, 13.0,1.336343458E9,119683.0,126118.0
CellarOutlets, 13.0,1.336344072E9,13095.0,30217.0
CellarOutlets, 13.0,1.336344088E9,14317.0,31634.0
CellarOutlets, 13.0,1.336344089E9,13119.0,30194.0
CellarOutlets, 13.0,1.336345383E9,658.47,1019489.0
CellarOutlets, 13.0,1.336345384E9,155442.0,167782.0
CellarOutlets, 13.0,1.336345385E9,132098.0,138104.0
CellarOutlets, 13.0,1.336345386E9,130549.0,136631.0
CellarOutlets, 13.0,1.336345389E9,131976.0,138148.0
CellarOutlets, 13.0,1.336345391E9,134465.0,140608.0
CellarOutlets, 13.0,1.336345395E9,136375.0,142459.0
CellarOutlets, 13.0,1.336345396E9,135318.0,141415.0
CellarOutlets, 13.0,1.336345931E9,121827.0,127862.0
CellarOutlets, 13.0,1.336345968E9,122.33,128.45
CellarOutlets, 13.0,1.33634718E9,118173.0,124074.0
CellarOutlets, 13.0,1.336347251E9,118099.0,123983.0
CellarOutlets, 13.0,1.336347252E9,119339.0,125289.0
CellarOutlets, 13.0,1.336347256E9,119235.0,125201.0
CellarOutlets, 13.0,1.33634726E9,119293.0,125149.0
CellarOutlets, 13.0,1.336347261E9,117923.0,123683.0
CellarOutlets, 13.0,1.336347384E9,20005.0,42816.0
CellarOutlets, 13.0,1.336347385E9,12391.0,28645.0
CellarOutlets, 13.0,1.336347391E9,13506.0,30007.0
CellarOutlets, 13.0,1.336348718E9,698916.0,1019901.0
CellarOutlets, 13.0,1.336348719E9,139376.0,145061.0
CellarOutlets, 13.0,1.336348721E9,128605.0,134188.0
CellarOutlets, 13.0,1.336348722E9,130176.0,135838.0
CellarOutlets, 13.0,1.336348725E9,132776.0,138353.0
CellarOutlets, 13.0,1.336348726E9,135324.0,140941.0
CellarOutlets, 13.0,1.336348738E9,137.53,143152.0
CellarOutlets, 13.0,1.336348742E9,137188.0,142774.0
CellarOutlets, 13.0,1.336348743E9,136031.0,141714.0
CellarOutlets, 13.0,1.336349304E9,121211.0,126557.0
CellarOutlets, 13.0,1.336350036E9,119226.0,124427.0
CellarOutlets, 13.0,1.33635022E9,118954.0,124227.0
CellarOutlets, 13.0,1.336350498E9,118464.0,123762.0
CellarOutlets, 13.0,1.336350511E9,119068.0,124274.0
CellarOutlets, 13.0,1.33635054E9,118054.0,123359.0
CellarOutlets, 13.0,1.336350822E9,95.17,110354.0
CellarOutlets, 13.0,1.336350823E9,12813.0,29391.0
CellarOutlets, 13.0,1.336350829E9,14096.0,30922.0
CellarOutlets, 13.0,1.33635083E9,12933.0,29574.0
CellarOutlets, 13.0,1.336350835E9,12902.0,29522.0
CellarOutlets, 13.0,1.336351488E9,12974.0,29856.0
CellarOutlets, 13.0,1.336351967E9,13006.0,29844.0
CellarOutlets, 13.0,1.336352048E9,12747.0,29443.0
CellarOutlets, 13.0,1.33635208E9,14145.0,30965.0
CellarOutlets, 13.0,1.336352081E9,12799.0,29449.0
CellarOutlets, 13.0,1.33635218E9,551752.0,959588.0
CellarOutlets, 13.0,1.336352181E9,251902.0,394831.0
CellarOutlets, 13.0,1.336352182E9,132418.0,137816.0
CellarOutlets, 13.0,1.336352183E9,128342.0,133839.0
CellarOutlets, 13.0,1.336352184E9,132126.0,137579.0
CellarOutlets, 13.0,1.336352187E9,133225.0,138717.0
CellarOutlets, 13.0,1.336352188E9,135385.0,140859.0
CellarOutlets, 13.0,1.336352189E9,133718.0,139292.0
CellarOutlets, 13.0,1.33635219E9,136743.0,142255.0
CellarOutlets, 13.0,1.336352191E9,137.84,143328.0
CellarOutlets, 13.0,1.336352229E9,131024.0,136598.0
CellarOutlets, 13.0,1.336352232E9,130399.0,135975.0
CellarOutlets, 13.0,1.336352268E9,127589.0,133229.0
CellarOutlets, 13.0,1.336352281E9,126514.0,132.15
CellarOutlets, 13.0,1.336352294E9,125554.0,131208.0
CellarOutlets, 13.0,1.336352316E9,125033.0,130722.0
CellarOutlets, 13.0,1.336352359E9,124703.0,130429.0
CellarOutlets, 13.0,1.336352418E9,123631.0,129581.0
CellarOutlets, 13.0,1.33635243E9,126446.0,132235.0
CellarOutlets, 13.0,1.336352438E9,124945.0,130823.0
CellarOutlets, 13.0,1.336352439E9,126.1,131979.0
CellarOutlets, 13.0,1.33635244E9,124998.0,130908.0
CellarOutlets, 13.0,1.336352472E9,125.08,130817.0
CellarOutlets, 13.0,1.336352477E9,125656.0,131332.0
CellarOutlets, 13.0,1.336352496E9,124039.0,129657.0
CellarOutlets, 13.0,1.336352526E9,123731.0,129205.0
CellarOutlets, 13.0,1.336352527E9,124839.0,130453.0
CellarOutlets, 13.0,1.336352581E9,123637.0,129466.0
CellarOutlets, 13.0,1.336352589E9,123962.0,129738.0
CellarOutlets, 13.0,1.336352596E9,123818.0,129583.0
CellarOutlets, 13.0,1.336352601E9,123434.0,129226.0
CellarOutlets, 13.0,1.336352603E9,124816.0,130498.0
CellarOutlets, 13.0,1.336352604E9,123515.0,129279.0
CellarOutlets, 13.0,1.336352614E9,123273.0,129012.0
CellarOutlets, 13.0,1.336352616E9,124046.0,129836.0
CellarOutlets, 13.0,1.336352627E9,123065.0,128882.0
CellarOutlets, 13.0,1.336352632E9,124239.0,130005.0
CellarOutlets, 13.0,1.336352647E9,122872.0,128613.0
CellarOutlets, 13.0,1.336352677E9,122936.0,128.91
CellarOutlets, 13.0,1.336352696E9,122427.0,128104.0
CellarOutlets, 13.0,1.33635275E9,122126.0,127803.0
CellarOutlets, 13.0,1.336352766E9,122099.0,127782.0
CellarOutlets, 13.0,1.336352767E9,123104.0,128751.0
CellarOutlets, 13.0,1.336352784E9,123.94,129604.0
CellarOutlets, 13.0,1.336352791E9,124263.0,129892.0
CellarOutlets, 13.0,1.336352792E9,122625.0,128292.0
CellarOutlets, 13.0,1.336352801E9,123403.0,129025.0
CellarOutlets, 13.0,1.336352848E9,122439.0,128006.0
CellarOutlets, 13.0,1.336352858E9,122261.0,127861.0
CellarOutlets, 13.0,1.336352872E9,123014.0,128623.0
CellarOutlets, 13.0,1.336352885E9,123743.0,129258.0
CellarOutlets, 13.0,1.336352891E9,122334.0,127824.0
CellarOutlets, 13.0,1.336352905E9,122685.0,128424.0
CellarOutlets, 13.0,1.336352906E9,121469.0,127.17
CellarOutlets, 13.0,1.336352909E9,123025.0,128673.0
CellarOutlets, 13.0,1.336352918E9,122942.0,128.31
CellarOutlets, 13.0,1.336352923E9,121094.0,126458.0
CellarOutlets, 13.0,1.336352925E9,122265.0,127598.0
CellarOutlets, 13.0,1.336352927E9,121825.0,127149.0
CellarOutlets, 13.0,1.336352936E9,121324.0,126633.0
CellarOutlets, 13.0,1.33635297E9,122576.0,127822.0
CellarOutlets, 13.0,1.336352992E9,121342.0,126616.0
CellarOutlets, 13.0,1.336353002E9,120425.0,125743.0
CellarOutlets, 13.0,1.336353003E9,121606.0,126857.0
CellarOutlets, 13.0,1.33635305E9,121236.0,126449.0
CellarOutlets, 13.0,1.336353076E9,121172.0,126531.0
CellarOutlets, 13.0,1.336353103E9,121.12,126461.0
CellarOutlets, 13.0,1.336353104E9,122195.0,127477.0
CellarOutlets, 13.0,1.336353123E9,121597.0,127053.0
CellarOutlets, 13.0,1.336353149E9,120.7,125997.0
CellarOutlets, 13.0,1.336353152E9,120499.0,125815.0
CellarOutlets, 13.0,1.336353174E9,120556.0,125841.0
CellarOutlets, 13.0,1.336353176E9,121968.0,127273.0
CellarOutlets, 13.0,1.336353184E9,120586.0,125966.0
CellarOutlets, 13.0,1.33635319E9,122002.0,127313.0
CellarOutlets, 13.0,1.336353212E9,121246.0,126.63
CellarOutlets, 13.0,1.336353279E9,120398.0,125853.0
CellarOutlets, 13.0,1.336353281E9,121412.0,126.78
CellarOutlets, 13.0,1.336353289E9,120071.0,125448.0
CellarOutlets, 13.0,1.336353295E9,121393.0,126779.0
CellarOutlets, 13.0,1.336353353E9,121473.0,126815.0
CellarOutlets, 13.0,1.336353358E9,119808.0,125203.0
CellarOutlets, 13.0,1.336353359E9,120808.0,126.2
CellarOutlets, 13.0,1.336353366E9,122093.0,127493.0
CellarOutlets, 13.0,1.33635337E9,120221.0,125717.0
CellarOutlets, 13.0,1.336353374E9,120281.0,125801.0
CellarOutlets, 13.0,1.336353381E9,120142.0,125614.0
CellarOutlets, 13.0,1.336353405E9,121497.0,126959.0
CellarOutlets, 13.0,1.336353427E9,119614.0,125083.0
CellarOutlets, 13.0,1.336353431E9,121392.0,126766.0
CellarOutlets, 13.0,1.336353449E9,119744.0,125049.0
CellarOutlets, 13.0,1.336353467E9,120793.0,126071.0
CellarOutlets, 13.0,1.336353493E9,120.07,125375.0
CellarOutlets, 13.0,1.33635354E9,119195.0,124597.0
CellarOutlets, 13.0,1.336353557E9,119681.0,125145.0
CellarOutlets, 13.0,1.336353619E9,120312.0,126049.0
CellarOutlets, 13.0,1.33635364E9,119852.0,125624.0
CellarOutlets, 13.0,1.336353672E9,120907.0,126646.0
CellarOutlets, 13.0,1.336353678E9,119713.0,125453.0
CellarOutlets, 13.0,1.336353692E9,119242.0,125113.0
CellarOutlets, 13.0,1.336353695E9,119302.0,125236.0
CellarOutlets, 13.0,1.336353706E9,120524.0,126411.0
CellarOutlets, 13.0,1.336353731E9,119032.0,124947.0
CellarOutlets, 13.0,1.336353736E9,120293.0,126209.0
CellarOutlets, 13.0,1.336353747E9,118888.0,124808.0
CellarOutlets, 13.0,1.33635376E9,118903.0,124726.0
CellarOutlets, 13.0,1.336353762E9,119.95,125776.0
CellarOutlets, 13.0,1.336353765E9,120422.0,126352.0
CellarOutlets, 13.0,1.336353786E9,119032.0,124987.0
CellarOutlets, 13.0,1.336353795E9,120789.0,126582.0
CellarOutlets, 13.0,1.336353796E9,119789.0,125647.0
CellarOutlets, 13.0,1.33635382E9,119975.0,125898.0
CellarOutlets, 13.0,1.336353824E9,120246.0,126182.0
CellarOutlets, 13.0,1.336353876E9,120438.0,126407.0
CellarOutlets, 13.0,1.336353976E9,119056.0,125173.0
CellarOutlets, 13.0,1.336354087E9,119.39,125119.0
CellarOutlets, 13.0,1.336354156E9,68521.0,92676.0
CellarOutlets, 13.0,1.336354157E9,12862.0,29585.0
CellarOutlets, 13.0,1.336354166E9,13937.0,30753.0
CellarOutlets, 13.0,1.336354328E9,12832.0,29577.0
CellarOutlets, 13.0,1.336354412E9,14051.0,30949.0
CellarOutlets, 13.0,1.336354741E9,13989.0,30927.0
CellarOutlets, 13.0,1.336354742E9,12988.0,29.79
CellarOutlets, 13.0,1.336354858E9,12804.0,29572.0
CellarOutlets, 13.0,1.336355025E9,12973.0,29776.0
CellarOutlets, 13.0,1.336355064E9,13037.0,29.87
CellarOutlets, 13.0,1.336355232E9,14408.0,31546.0
CellarOutlets, 13.0,1.336355233E9,13252.0,30232.0
CellarOutlets, 13.0,1.336355278E9,13078.0,29985.0
CellarOutlets, 13.0,1.336355324E9,12986.0,29896.0
CellarOutlets, 13.0,1.336355347E9,12859.0,29823.0
CellarOutlets, 13.0,1.336355388E9,14.05,31192.0
CellarOutlets, 13.0,1.336355389E9,12967.0,29976.0
CellarOutlets, 13.0,1.336355396E9,12901.0,29906.0
CellarOutlets, 13.0,1.336355509E9,427082.0,864155.0
CellarOutlets, 13.0,1.33635551E9,363.11,578881.0
CellarOutlets, 13.0,1.336355511E9,134415.0,140395.0
CellarOutlets, 13.0,1.336355512E9,129957.0,136088.0
CellarOutlets, 13.0,1.336355513E9,131679.0,137845.0
CellarOutlets, 13.0,1.336355516E9,133868.0,140106.0
CellarOutlets, 13.0,1.336355517E9,135485.0,141734.0
CellarOutlets, 13.0,1.336355524E9,135837.0,142079.0
CellarOutlets, 13.0,1.336355534E9,135783.0,142099.0
CellarOutlets, 13.0,1.336355544E9,132081.0,138413.0
CellarOutlets, 13.0,1.336355547E9,133434.0,139815.0
CellarOutlets, 13.0,1.33635555E9,134266.0,140635.0
CellarOutlets, 13.0,1.336355555E9,131522.0,137.84
CellarOutlets, 13.0,1.336355559E9,131.32,137688.0
CellarOutlets, 13.0,1.336355562E9,131069.0,137447.0
CellarOutlets, 13.0,1.336355608E9,126251.0,132849.0
CellarOutlets, 13.0,1.336355697E9,125.95,132638.0
CellarOutlets, 13.0,1.336355756E9,125547.0,132127.0
CellarOutlets, 13.0,1.336355827E9,125798.0,132441.0
CellarOutlets, 13.0,1.336355828E9,124373.0,131007.0
CellarOutlets, 13.0,1.336355882E9,125017.0,132254.0
CellarOutlets, 13.0,1.336355892E9,125065.0,132333.0
CellarOutlets, 13.0,1.336355898E9,124785.0,131956.0
CellarOutlets, 13.0,1.3363559E9,124051.0,131274.0
CellarOutlets, 13.0,1.336355921E9,124686.0,132014.0
CellarOutlets, 13.0,1.336355933E9,123639.0,130902.0
CellarOutlets, 13.0,1.336355946E9,123662.0,130855.0
CellarOutlets, 13.0,1.336355994E9,124338.0,131529.0
CellarOutlets, 13.0,1.336356001E9,123946.0,131272.0
CellarOutlets, 13.0,1.336356003E9,124345.0,131561.0
CellarOutlets, 13.0,1.336356016E9,124546.0,131801.0
CellarOutlets, 13.0,1.336356017E9,123018.0,130345.0
CellarOutlets, 13.0,1.336356019E9,124096.0,131421.0
CellarOutlets, 13.0,1.336356039E9,123448.0,130811.0
CellarOutlets, 13.0,1.336356088E9,123.99,131442.0
CellarOutlets, 13.0,1.336356095E9,122609.0,130141.0
CellarOutlets, 13.0,1.336357324E9,12782.0,29705.0
CellarOutlets, 13.0,1.33635733E9,13.96,31107.0
CellarOutlets, 13.0,1.336357331E9,12788.0,29698.0
CellarOutlets, 13.0,1.336357335E9,12.92,29876.0
CellarOutlets, 13.0,1.336358641E9,79461.0,375.81
CellarOutlets, 13.0,1.336358642E9,677784.0,966966.0
CellarOutlets, 13.0,1.336358643E9,134657.0,142.07
CellarOutlets, 13.0,1.336358644E9,132437.0,140.01
CellarOutlets, 13.0,1.336358645E9,131146.0,138.83
CellarOutlets, 13.0,1.336358648E9,133.18,140874.0
CellarOutlets, 13.0,1.336358649E9,135204.0,142825.0
CellarOutlets, 13.0,1.336358657E9,136726.0,144322.0
CellarOutlets, 13.0,1.336358661E9,136.37,144005.0
CellarOutlets, 13.0,1.336358669E9,135295.0,142966.0
CellarOutlets, 13.0,1.33635879E9,125308.0,133469.0
CellarOutlets, 13.0,1.336358932E9,125361.0,133595.0
CellarOutlets, 13.0,1.33635912E9,123038.0,131409.0
CellarOutlets, 13.0,1.336359122E9,124366.0,132749.0
CellarOutlets, 13.0,1.336360303E9,80176.0,103485.0
CellarOutlets, 13.0,1.336360304E9,12993.0,30217.0
CellarOutlets, 13.0,1.336360311E9,12968.0,30187.0
CellarOutlets, 13.0,1.336361597E9,420957.0,858509.0
CellarOutlets, 13.0,1.336361598E9,367487.0,585532.0
CellarOutlets, 13.0,1.336361599E9,133381.0,141774.0
CellarOutlets, 13.0,1.3363616E9,128011.0,136813.0
CellarOutlets, 13.0,1.336361601E9,129667.0,138448.0
CellarOutlets, 13.0,1.336361602E9,131883.0,140649.0
CellarOutlets, 13.0,1.336361603E9,133105.0,141833.0
CellarOutlets, 13.0,1.336361606E9,137842.0,146486.0
CellarOutlets, 13.0,1.336361607E9,136817.0,145374.0
CellarOutlets, 13.0,1.33636161E9,135.8,144433.0
CellarOutlets, 13.0,1.336361616E9,135906.0,144567.0
CellarOutlets, 13.0,1.336361618E9,137198.0,145801.0
CellarOutlets, 13.0,1.336362005E9,123681.0,132.5
CellarOutlets, 13.0,1.336362183E9,122772.0,131539.0
CellarOutlets, 13.0,1.336363213E9,66698.0,93498.0
CellarOutlets, 13.0,1.336363214E9,13032.0,30327.0
CellarOutlets, 13.0,1.33636322E9,14205.0,31.75
CellarOutlets, 13.0,1.336363221E9,13.07,30321.0
CellarOutlets, 13.0,1.336364534E9,106489.0,445465.0
CellarOutlets, 13.0,1.336364535E9,654578.0,943182.0
CellarOutlets, 13.0,1.336364536E9,135614.0,143486.0
CellarOutlets, 13.0,1.336364537E9,129576.0,137901.0
CellarOutlets, 13.0,1.336364539E9,131854.0,140131.0
CellarOutlets, 13.0,1.336364541E9,133776.0,142022.0
CellarOutlets, 13.0,1.336364543E9,137522.0,145745.0
CellarOutlets, 13.0,1.336364548E9,135057.0,143294.0
CellarOutlets, 13.0,1.336364549E9,136682.0,144867.0
CellarOutlets, 13.0,1.336364553E9,136859.0,144998.0
CellarOutlets, 13.0,1.336364676E9,123717.0,132454.0
CellarOutlets, 13.0,1.33636485E9,125146.0,134079.0
CellarOutlets, 13.0,1.336365456E9,121505.0,131086.0
CellarOutlets, 13.0,1.336366062E9,83957.0,107327.0
CellarOutlets, 13.0,1.336366063E9,13056.0,30702.0
CellarOutlets, 13.0,1.336367387E9,65331.0,329923.0
CellarOutlets, 13.0,1.336367388E9,692168.0,975566.0
CellarOutlets, 13.0,1.336367389E9,135207.0,143151.0
CellarOutlets, 13.0,1.33636739E9,129741.0,138085.0
CellarOutlets, 13.0,1.336367392E9,130271.0,138676.0
CellarOutlets, 13.0,1.336367394E9,132973.0,141306.0
CellarOutlets, 13.0,1.336367397E9,136174.0,144463.0
CellarOutlets, 13.0,1.336367401E9,136.65,145028.0
CellarOutlets, 13.0,1.336367408E9,138436.0,146817.0
CellarOutlets, 13.0,1.336367409E9,137038.0,145425.0
CellarOutlets, 13.0,1.336367418E9,133276.0,141805.0
CellarOutlets, 13.0,1.336367442E9,130761.0,139289.0
CellarOutlets, 13.0,1.33636753E9,124018.0,132844.0
CellarOutlets, 13.0,1.336368122E9,122473.0,131533.0
CellarOutlets, 13.0,1.336368436E9,119381.0,127842.0
CellarOutlets, 13.0,1.336368539E9,120.39,128051.0
CellarOutlets, 13.0,1.336368752E9,118669.0,127109.0
CellarOutlets, 13.0,1.336368978E9,62217.0,89468.0
CellarOutlets, 13.0,1.336368979E9,12586.0,29305.0
CellarOutlets, 13.0,1.336368985E9,13615.0,30582.0
CellarOutlets, 13.0,1.336370369E9,710206.0,1025241.0
CellarOutlets, 13.0,1.33637037E9,139244.0,146383.0
CellarOutlets, 13.0,1.336370371E9,130567.0,138026.0
CellarOutlets, 13.0,1.336370373E9,131195.0,138748.0
CellarOutlets, 13.0,1.336370377E9,136828.0,144316.0
CellarOutlets, 13.0,1.336370378E9,138869.0,146314.0
CellarOutlets, 13.0,1.336370379E9,136054.0,143592.0
CellarOutlets, 13.0,1.33637038E9,134239.0,141.75
CellarOutlets, 13.0,1.336370381E9,135787.0,143.32
CellarOutlets, 13.0,1.336370384E9,133935.0,141512.0
CellarOutlets, 13.0,1.336370386E9,136506.0,144002.0
CellarOutlets, 13.0,1.336370396E9,132918.0,140471.0
CellarOutlets, 13.0,1.336370569E9,123414.0,130305.0
CellarOutlets, 13.0,1.336370574E9,122259.0,129155.0
CellarOutlets, 13.0,1.336370602E9,124411.0,131669.0
CellarOutlets, 13.0,1.336370628E9,124699.0,132306.0
CellarOutlets, 13.0,1.336371871E9,17502.0,38931.0
CellarOutlets, 13.0,1.336371872E9,12814.0,29439.0
CellarOutlets, 13.0,1.336371883E9,12778.0,29433.0
CellarOutlets, 13.0,1.336373264E9,582465.0,977657.0
CellarOutlets, 13.0,1.336373265E9,230156.0,349913.0
CellarOutlets, 13.0,1.336373266E9,132747.0,139806.0
CellarOutlets, 13.0,1.336373272E9,136431.0,143678.0
CellarOutlets, 13.0,1.336373285E9,135388.0,142589.0
CellarOutlets, 13.0,1.336373293E9,134007.0,141325.0
CellarOutlets, 13.0,1.336373561E9,122951.0,130839.0
CellarOutlets, 13.0,1.33637417E9,119959.0,128146.0
CellarOutlets, 13.0,1.33637477E9,39477.0,68488.0
CellarOutlets, 13.0,1.336374771E9,12776.0,29583.0
CellarOutlets, 13.0,1.336374777E9,13925.0,30957.0
CellarOutlets, 13.0,1.336376167E9,634268.0,1001625.0
CellarOutlets, 13.0,1.336376168E9,177337.0,222483.0
CellarOutlets, 13.0,1.336376169E9,131754.0,139013.0
CellarOutlets, 13.0,1.33637617E9,129409.0,136761.0
CellarOutlets, 13.0,1.336376171E9,131058.0,138453.0
CellarOutlets, 13.0,1.336376174E9,135052.0,142413.0
CellarOutlets, 13.0,1.336376177E9,136285.0,143584.0
CellarOutlets, 13.0,1.336376179E9,137602.0,144876.0
CellarOutlets, 13.0,1.33637618E9,136249.0,143572.0
CellarOutlets, 13.0,1.336376195E9,133626.0,141079.0
CellarOutlets, 13.0,1.336376895E9,120628.0,128.46
CellarOutlets, 13.0,1.336377535E9,118729.0,126355.0
CellarOutlets, 13.0,1.336377592E9,119186.0,126774.0
CellarOutlets, 13.0,1.336377668E9,116904.0,124419.0
CellarOutlets, 13.0,1.336377669E9,118.03,125597.0
CellarOutlets, 13.0,1.336377784E9,12686.0,29402.0
CellarOutlets, 13.0,1.336379156E9,668724.0,1029767.0
CellarOutlets, 13.0,1.336379157E9,150.98,160284.0
CellarOutlets, 13.0,1.336379158E9,133425.0,141217.0
CellarOutlets, 13.0,1.336379159E9,131.48,139471.0
CellarOutlets, 13.0,1.33637916E9,133668.0,141697.0
CellarOutlets, 13.0,1.336379164E9,136323.0,144375.0
CellarOutlets, 13.0,1.336379166E9,138.43,146354.0
CellarOutlets, 13.0,1.336379177E9,137918.0,145.8
CellarOutlets, 13.0,1.336379184E9,135572.0,143507.0
CellarOutlets, 13.0,1.336379185E9,134326.0,142303.0
CellarOutlets, 13.0,1.336379188E9,133854.0,141894.0
CellarOutlets, 13.0,1.336379431E9,124327.0,132962.0
CellarOutlets, 13.0,1.336379554E9,123474.0,131938.0
CellarOutlets, 13.0,1.336380544E9,47713.0,77268.0
CellarOutlets, 13.0,1.336380545E9,13146.0,30587.0
CellarOutlets, 13.0,1.336380555E9,14.17,31898.0
CellarOutlets, 13.0,1.336381916E9,736276.0,1036272.0
CellarOutlets, 13.0,1.336381917E9,136617.0,144578.0
CellarOutlets, 13.0,1.336381918E9,132305.0,140637.0
CellarOutlets, 13.0,1.336381919E9,131001.0,139459.0
CellarOutlets, 13.0,1.336381922E9,133625.0,142038.0
CellarOutlets, 13.0,1.336381923E9,136537.0,144948.0
CellarOutlets, 13.0,1.336381931E9,138265.0,146621.0
CellarOutlets, 13.0,1.33638196E9,131939.0,140.43
