NumCamadas: 3,NumCiclos: 7000,NumEntradas: 4,Taxa de Aprendizado: 0.5
Numero de neuronios por camada: [7, 3, 1]
-0.41894445729790364,-0.7781528069413559,-2.917064770098471,4.028366782134254,
0.5,-0.07201993412262661,8.18223841378543,0.5,
0.5,-0.7277100812218521,15.596527575497626,0.5,
0.5,-0.9789441214019693,15.388380088837984,0.5,
0.5,-0.22256571977264317,21.130686758123776,0.5,
0.5,0.3912284712535616,23.210458875901036,0.5,
0.5,-0.5630059230807701,10.939407053225839,0.5,
2.4388304267393086,-0.22969815743624383,4.100817215930668,3.092133176252677,-1.5834083898770683,-2.372588163124846,-4.008344212229965,
-0.905910612641594,2.685513167713602,6.827409604994073,6.26484828797366,3.7946137544901353,4.219378289946226,-0.7971571994066512,
-3.602082379785394,5.059771125910884,7.104772138445347,7.204688633424435,-1.5257356168018457,-0.5261932625432749,2.378589873983011,
-1.1620032862518896,1.950874210829788,0.6777198313978272,
